"","Authors","metric","subgroup","Sex","CN","EN","yi","vi","stats","Protocol"
"1","Cheema & Pluznick 2019","Chao1","Ang II infusion","female",3,3,-1.31457879491682,0.773112202395922,"lnCVR","Cheema"
"2","Cheema & Pluznick 2019","Chao1","Ang II infusion","male",3,3,-0.374766913963035,0.789092788969803,"lnCVR","Cheema"
"3","Ellis et al. 2021","Chao1","13C11MK4_cecal","female",7,7,0.380440998151246,0.195196674695428,"lnCVR","Ellis"
"4","Ellis et al. 2021","Chao1","13C11MK4_cecal","male",7,7,-1.75424711516987,0.213786279805953,"lnCVR","Ellis"
"5","Ellis et al. 2021","Chao1","2H7MK7_cecal","female",7,7,1.34961528177777,0.198262491757359,"lnCVR","Ellis"
"6","Ellis et al. 2021","Chao1","2H7MK7_cecal","male",7,7,-1.01355118590274,0.21565471854851,"lnCVR","Ellis"
"7","Ellis et al. 2021","Chao1","2H7MK9_cecal","female",7,7,1.53788935689375,0.199911624209132,"lnCVR","Ellis"
"8","Ellis et al. 2021","Chao1","2H7MK9_cecal","male",7,7,-1.57827820435183,0.21401758328013,"lnCVR","Ellis"
"9","Ellis et al. 2021","Chao1","2H7PK_cecal","female",7,7,0.673858916054527,0.19560656080381,"lnCVR","Ellis"
"10","Ellis et al. 2021","Chao1","2H7PK_cecal","male",7,7,-0.775108463880516,0.217139749730814,"lnCVR","Ellis"
"11","Ellis et al. 2021","Chao1","Combo_cecal","female",7,9,1.27384705335801,0.170263874947337,"lnCVR","Ellis"
"12","Ellis et al. 2021","Chao1","Combo_cecal","male",7,10,-0.810483752504264,0.180429504114251,"lnCVR","Ellis"
"13","Ellis et al. 2021","Chao1","MK4_cecal","female",7,10,1.49361636244224,0.162721782959495,"lnCVR","Ellis"
"14","Ellis et al. 2021","Chao1","MK4_cecal","male",7,10,-0.74115340889519,0.180830669698735,"lnCVR","Ellis"
"15","Ellis et al. 2021","Chao1","MK9_cecal","female",7,9,1.04779915482431,0.169356215447244,"lnCVR","Ellis"
"16","Ellis et al. 2021","Chao1","MK9_cecal","male",7,9,-0.704666716410231,0.189969364101423,"lnCVR","Ellis"
"17","Ellis et al. 2021","Chao1","PK_cecal","female",7,9,1.18080878004708,0.169839843498281,"lnCVR","Ellis"
"18","Ellis et al. 2021","Chao1","PK_cecal","male",7,10,-0.127541091764259,0.188392278212451,"lnCVR","Ellis"
"19","Ellis et al. 2021","Chao1","VKdef_cecal","female",7,9,1.3091527849745,0.170446760345576,"lnCVR","Ellis"
"20","Ellis et al. 2021","Chao1","VKdef_cecal","male",7,8,-0.772586090214239,0.201160418531135,"lnCVR","Ellis"
"21","Gubert et al. 2022","Chao1","R6/1_Enviromental enrichment ","female",8,7,-0.720893697231695,0.190442390478069,"lnCVR","Gubert"
"22","Gubert et al. 2022","Chao1","R6/1_Enviromental enrichment ","female",8,7,-0.824948235642945,0.192604118910939,"lnCVR","Gubert"
"23","Gubert et al. 2022","Chao1","R6/1_Enviromental enrichment ","male",8,8,0.253768547654118,0.169267526886836,"lnCVR","Gubert"
"24","Gubert et al. 2022","Chao1","R6/1_Enviromental enrichment ","male",8,8,-0.0083314112504221,0.170828496035719,"lnCVR","Gubert"
"25","Gubert et al. 2022","Chao1","R6/1_Exercise","female",8,8,-0.153120865040783,0.179191526971088,"lnCVR","Gubert"
"26","Gubert et al. 2022","Chao1","R6/1_Exercise","female",8,8,-0.257175403452032,0.181353255403957,"lnCVR","Gubert"
"27","Gubert et al. 2022","Chao1","R6/1_Exercise","male",8,8,0.164973391275375,0.168654487249889,"lnCVR","Gubert"
"28","Gubert et al. 2022","Chao1","R6/1_Exercise","male",8,8,-0.0971265676291656,0.170215456398771,"lnCVR","Gubert"
"29","Gubert et al. 2022","Chao1","WT_Enviromental enrichment ","female",8,8,-0.332800084337882,0.177142819027339,"lnCVR","Gubert"
"30","Gubert et al. 2022","Chao1","WT_Enviromental enrichment ","female",8,8,-0.436854622749132,0.179304547460209,"lnCVR","Gubert"
"31","Gubert et al. 2022","Chao1","WT_Enviromental enrichment ","male",8,8,1.05234354444032,0.184459477325048,"lnCVR","Gubert"
"32","Gubert et al. 2022","Chao1","WT_Enviromental enrichment ","male",8,8,0.790243585535782,0.186020446473931,"lnCVR","Gubert"
"33","Gubert et al. 2022","Chao1","WT_Exercise","female",8,8,-0.141910668698807,0.179345910019724,"lnCVR","Gubert"
"34","Gubert et al. 2022","Chao1","WT_Exercise","female",8,8,-0.245965207110056,0.181507638452593,"lnCVR","Gubert"
"35","Gubert et al. 2022","Chao1","WT_Exercise","male",8,8,0.486990011608442,0.171516233439602,"lnCVR","Gubert"
"36","Gubert et al. 2022","Chao1","WT_Exercise","male",8,8,0.224890052703901,0.173077202588484,"lnCVR","Gubert"
"37","Ibrahim et al. 2019","Chao1","AOM/DSS","female",4,3,0.0406653377500746,0.618882565218955,"lnCVR","Ibrahim"
"38","Ibrahim et al. 2019","Chao1","AOM/DSS","female",4,3,0.0912679422991381,0.617934587663542,"lnCVR","Ibrahim"
"39","Ibrahim et al. 2019","Chao1","AOM/DSS","male",4,7,-0.149440745020919,0.329328165275628,"lnCVR","Ibrahim"
"40","Ibrahim et al. 2019","Chao1","AOM/DSS","male",4,7,-0.476640763256266,0.335541315830201,"lnCVR","Ibrahim"
"41","Ibrahim et al. 2019","Chao1","AOM/DSS-ERbKOVil","female",4,6,-0.564529390754795,0.354310907300724,"lnCVR","Ibrahim"
"42","Ibrahim et al. 2019","Chao1","AOM/DSS-ERbKOVil","female",4,6,-0.513926786205732,0.353362929745311,"lnCVR","Ibrahim"
"43","Ibrahim et al. 2019","Chao1","AOM/DSS-ERbKOVil","male",4,7,-0.249900398901469,0.328727515793703,"lnCVR","Ibrahim"
"44","Ibrahim et al. 2019","Chao1","AOM/DSS-ERbKOVil","male",4,7,-0.577100417136816,0.334940666348276,"lnCVR","Ibrahim"
"45","Kozik et al. 2019","Chao1","Colitis-cecal","female",3,7,-0.782203332535376,0.658973018846602,"lnCVR","Kozik"
"46","Kozik et al. 2019","Chao1","Colitis-cecal","female",3,7,-0.598932377275817,0.598000660385001,"lnCVR","Kozik"
"47","Kozik et al. 2019","Chao1","Colitis-cecal","female",3,7,1.23905807344503,0.491829849334077,"lnCVR","Kozik"
"48","Kozik et al. 2019","Chao1","Colitis-cecal","female",3,7,1.48686113445666,0.490903295346391,"lnCVR","Kozik"
"49","Kozik et al. 2019","Chao1","Colitis-cecal","male",2,7,-1.0794230283853,1.15493217331273,"lnCVR","Kozik"
"50","Kozik et al. 2019","Chao1","Colitis-cecal","male",2,7,-0.689339434606024,1.12468284675534,"lnCVR","Kozik"
"51","Kozik et al. 2019","Chao1","Colitis-cecal","male",2,7,-1.44911908973532,1.22531605842698,"lnCVR","Kozik"
"52","Kozik et al. 2019","Chao1","Colitis-colonMucus","female",3,4,-0.704439513195042,0.797149672762488,"lnCVR","Kozik"
"53","Kozik et al. 2019","Chao1","Colitis-colonMucus","female",3,4,-0.521168557935482,0.736177314300887,"lnCVR","Kozik"
"54","Kozik et al. 2019","Chao1","Colitis-colonMucus","female",3,4,1.31682189278536,0.630006503249963,"lnCVR","Kozik"
"55","Kozik et al. 2019","Chao1","Colitis-colonMucus","female",3,4,1.56462495379699,0.629079949262277,"lnCVR","Kozik"
"56","Kozik et al. 2019","Chao1","Colitis-colonMucus","male",2,5,-0.870363178254983,1.21764070897473,"lnCVR","Kozik"
"57","Kozik et al. 2019","Chao1","Colitis-colonMucus","male",2,5,-0.480279584475713,1.18739138241735,"lnCVR","Kozik"
"58","Kozik et al. 2019","Chao1","Colitis-colonMucus","male",2,5,-1.24005923960501,1.28802459408898,"lnCVR","Kozik"
"59","Kozik et al. 2019","Chao1","Colitis-colonMucus_T0","male",2,1,NA,NA,"lnCVR","Kozik"
"60","Kozik et al. 2019","Chao1","Colitis-colonMucus_T0","male",2,1,NA,NA,"lnCVR","Kozik"
"61","Kozik et al. 2019","Chao1","Colitis-colonMucus_T0","male",2,1,NA,NA,"lnCVR","Kozik"
"62","Kozik et al. 2019","Chao1","Colitis-fecal","female",3,7,-0.68163999085595,0.662937135187849,"lnCVR","Kozik"
"63","Kozik et al. 2019","Chao1","Colitis-fecal","female",3,7,-0.498369035596391,0.601964776726247,"lnCVR","Kozik"
"64","Kozik et al. 2019","Chao1","Colitis-fecal","female",3,7,1.33962141512445,0.495793965675323,"lnCVR","Kozik"
"65","Kozik et al. 2019","Chao1","Colitis-fecal","female",3,7,1.58742447613608,0.494867411687637,"lnCVR","Kozik"
"66","Kozik et al. 2019","Chao1","Colitis-fecal","male",2,5,-0.146125467029437,1.24323555062719,"lnCVR","Kozik"
"67","Kozik et al. 2019","Chao1","Colitis-fecal","male",2,5,0.243958126749833,1.21298622406981,"lnCVR","Kozik"
"68","Kozik et al. 2019","Chao1","Colitis-fecal","male",2,5,-0.515821528379463,1.31361943574145,"lnCVR","Kozik"
"69","Kozik et al. 2019","Chao1","Colitis-fecal_T0","female",3,7,-1.06616124389997,0.651393459651927,"lnCVR","Kozik"
"70","Kozik et al. 2019","Chao1","Colitis-fecal_T0","female",3,7,-0.882890288640411,0.590421101190326,"lnCVR","Kozik"
"71","Kozik et al. 2019","Chao1","Colitis-fecal_T0","female",3,7,0.955100162080433,0.484250290139402,"lnCVR","Kozik"
"72","Kozik et al. 2019","Chao1","Colitis-fecal_T0","female",3,7,1.20290322309206,0.483323736151716,"lnCVR","Kozik"
"73","Kozik et al. 2019","Chao1","Colitis-fecal_T0","male",2,7,-0.134090724504232,1.17716810772039,"lnCVR","Kozik"
"74","Kozik et al. 2019","Chao1","Colitis-fecal_T0","male",2,7,0.255992869275038,1.14691878116301,"lnCVR","Kozik"
"75","Kozik et al. 2019","Chao1","Colitis-fecal_T0","male",2,7,-0.503786785854259,1.24755199283464,"lnCVR","Kozik"
"76","Li et al. 2020","Chao1","Chow diet + STZ injection+ Distilled water ","female",NA,1,NA,NA,"lnCVR","Li"
"77","Li et al. 2020","Chao1","Chow diet + STZ injection+ Distilled water ","male",NA,5,NA,NA,"lnCVR","Li"
"78","Li et al. 2020","Chao1","HFD+ STZ injection + DNJ","female",NA,9,NA,NA,"lnCVR","Li"
"79","Li et al. 2020","Chao1","HFD+ STZ injection + DNJ","male",NA,1,NA,NA,"lnCVR","Li"
"80","Li et al. 2020","Chao1","HFD+ STZ injection+ Distilled water","female",NA,3,NA,NA,"lnCVR","Li"
"81","Lindheim et al. 2018","Chao1","PRJNA445979","female",NA,93,NA,NA,"lnCVR","Lindheim"
"82","Lindheim et al. 2018","Chao1","PRJNA445979","male",NA,76,NA,NA,"lnCVR","Lindheim"
"83","Lyte et al. 2022","Chao1","beef-chow","female",19,19,0.454543101122864,0.0646300621830026,"lnCVR","Lyte"
"84","Lyte et al. 2022","Chao1","beef-chow","male",20,18,0.463414605804114,0.0669961321108908,"lnCVR","Lyte"
"85","Lyte et al. 2022","Chao1","beef-chow-stress","female",19,20,0.408959454583056,0.0624502818423216,"lnCVR","Lyte"
"86","Lyte et al. 2022","Chao1","beef-chow-stress","male",20,18,0.08566479415962,0.0637953938977206,"lnCVR","Lyte"
"87","Lyte et al. 2022","Chao1","chow-stress","female",19,20,0.265589422407293,0.0615206751139347,"lnCVR","Lyte"
"88","Lyte et al. 2022","Chao1","chow-stress","male",20,20,0.113162216099351,0.060232419895199,"lnCVR","Lyte"
"89","Pizarro et al. 2021","Chao1","Water-T0","female",8,NA,NA,NA,"lnCVR","Pizarro"
"90","Pizarro et al. 2021","Chao1","Water-T0","male",10,NA,NA,NA,"lnCVR","Pizarro"
"91","Pizarro et al. 2021","Chao1","EtOH-Syn-T1","female",NA,8,NA,NA,"lnCVR","Pizarro"
"92","Pizarro et al. 2021","Chao1","EtOH-Syn-T1","male",NA,10,NA,NA,"lnCVR","Pizarro"
"93","Pizarro et al. 2021","Chao1","EtOH-T1","female",NA,8,NA,NA,"lnCVR","Pizarro"
"94","Pizarro et al. 2021","Chao1","EtOH-T1","male",NA,10,NA,NA,"lnCVR","Pizarro"
"95","Pizarro et al. 2021","Chao1","Symbiotic-T0","female",NA,8,NA,NA,"lnCVR","Pizarro"
"96","Pizarro et al. 2021","Chao1","Symbiotic-T0","male",NA,10,NA,NA,"lnCVR","Pizarro"
"97","Ramakrishna et al. 2020","Chao1","ACV+IVIG-injected","female",3,4,0.536379215466738,0.627452451855914,"lnCVR","Ramakrishna"
"98","Ramakrishna et al. 2020","Chao1","ACV+IVIG-injected","male",2,1,NA,NA,"lnCVR","Ramakrishna"
"99","Ramakrishna et al. 2020","Chao1","ACV-injected","female",3,2,0.49318071946128,1.40391502331192,"lnCVR","Ramakrishna"
"100","Ramakrishna et al. 2020","Chao1","ACV-injected","male",2,3,-0.317679165171734,1.48030493465756,"lnCVR","Ramakrishna"
"101","Ramakrishna et al. 2020","Chao1","HSV1-infected","female",3,5,0.637784503944648,0.562956850624957,"lnCVR","Ramakrishna"
"102","Ramakrishna et al. 2020","Chao1","HSV1-infected","male",2,4,-1.15864244810169,1.29573891493965,"lnCVR","Ramakrishna"
"103","Ramakrishna et al. 2020","Chao1","HSV1-infected; ACV+IVIG-injected","female",3,3,0.445913273515363,0.778915023311924,"lnCVR","Ramakrishna"
"104","Ramakrishna et al. 2020","Chao1","HSV1-infected; ACV+IVIG-injected","male",2,2,NA,2.06758202656428,"lnCVR","Ramakrishna"
"105","Ramakrishna et al. 2020","Chao1","HSV1-infected; ACV-injected","female",3,1,NA,NA,"lnCVR","Ramakrishna"
"106","Ramakrishna et al. 2020","Chao1","HSV1-infected; ACV-injected","male",2,1,NA,NA,"lnCVR","Ramakrishna"
"107","Ramakrishna et al. 2020","Chao1","HSV1-infected; IVIG-injected","female",3,1,NA,NA,"lnCVR","Ramakrishna"
"108","Ramakrishna et al. 2020","Chao1","HSV1-infected; IVIG-injected","male",2,3,-0.37251923150931,1.47618628856825,"lnCVR","Ramakrishna"
"109","Ramakrishna et al. 2020","Chao1","IVIG-injected","female",3,5,0.782268326442163,0.571175389982009,"lnCVR","Ramakrishna"
"110","Ramakrishna et al. 2020","Chao1","IVIG-injected","male",2,5,-1.15390534747953,1.22903580764928,"lnCVR","Ramakrishna"
"111","Son et al. 2019","Chao1","IL-10 Knockout ","female",8,8,0.301657260362772,0.194932509611725,"lnCVR","Son"
"112","Son et al. 2019","Chao1","IL-10 Knockout ","male",8,8,-0.391856772290162,0.190661783673581,"lnCVR","Son"
"113","Song et al. 2020","Chao1","AOM/DSS","male",5,12,-0.415588238156185,0.240912472219946,"lnCVR","Song"
"114","Song et al. 2020","Chao1","AOM/DSS E2-supplemented","male",5,12,-0.31076063637762,0.242323577277536,"lnCVR","Song"
"115","Song et al. 2020","Chao1","E2-supplemented","male",5,12,-0.139789658423663,0.245385488004253,"lnCVR","Song"
"116","Song et al. 2020","Chao1","ovariectomized ","female",11,7,0.127128222170692,0.169556048344752,"lnCVR","Song"
"117","Song et al. 2021","Chao1","AOM/DSS","female",8,8,-0.257624936888533,0.211685905475744,"lnCVR","Song"
"118","Song et al. 2021","Chao1","AOM/DSS","male",8,8,0.0569702082404774,0.181587646825034,"lnCVR","Song"
"119","Song et al. 2021","Chao1","AOM/DSS-Nrf2KO","female",8,8,-0.756109847260586,0.200280928702349,"lnCVR","Song"
"120","Song et al. 2021","Chao1","AOM/DSS-Nrf2KO","male",8,8,-0.643639510061638,0.174258585992707,"lnCVR","Song"
"121","Song et al. 2021","Chao1","Nrf2KO","female",8,8,-0.586604174066098,0.202937820483653,"lnCVR","Song"
"122","Song et al. 2021","Chao1","Nrf2KO","male",8,8,-0.253229105211933,0.17707353629285,"lnCVR","Song"
"123","Song et al. 2022","Chao1","AOM/DSS","female",4,7,-0.793303626562153,0.348848081744387,"lnCVR","Song"
"124","Song et al. 2022","Chao1","AOM/DSS","male",4,10,1.6343733282864,0.28557489694427,"lnCVR","Song"
"125","Song et al. 2022","Chao1","AOM/DSS_ steroid-injected","female",4,4,-0.865559801607607,0.47483208923212,"lnCVR","Song"
"126","Song et al. 2022","Chao1","AOM/DSS_ steroid-injected","male",4,8,2.01523436888763,0.307899215199738,"lnCVR","Song"
"127","Song et al. 2022","Chao1","orchiectomized","male",4,4,1.82190708540498,0.448975386425482,"lnCVR","Song"
"128","Song et al. 2022","Chao1","orchiectomized_ AOM/DSS","male",4,10,2.00769974896659,0.287258390587112,"lnCVR","Song"
"129","Song et al. 2022","Chao1","orchiectomized_ AOM/DSS_ steroid-injected","male",4,6,2.54432483563101,0.356819111889403,"lnCVR","Song"
"130","Sun et al. 2020","Chao1","High fat","female",8,7,-0.104401622006573,0.185492074432763,"lnCVR","Sun"
"131","Sun et al. 2020","Chao1","High fat","male",8,8,-0.313530202948418,0.175211791100412,"lnCVR","Sun"
"132","Sun et al. 2020","Chao1","Pomctm1/tm1","female",8,8,0.32702623954973,0.17348177733845,"lnCVR","Sun"
"133","Sun et al. 2020","Chao1","Pomctm1/tm1","male",8,8,-0.693344782209936,0.17299972605126,"lnCVR","Sun"
"134","Sun et al. 2020","Chao1","Pomctm1/tm1, High fat","female",8,7,0.286148535279648,0.189264284543652,"lnCVR","Sun"
"135","Sun et al. 2020","Chao1","Pomctm1/tm1, High fat","male",8,8,-0.101710339377086,0.177419055533379,"lnCVR","Sun"
"136","Tam et al. 2020","Chao1","""Smoke exposed, ovariectomy""_cecal","female",10,8,-0.110252921029638,0.149307847034603,"lnCVR","Tam"
"137","Tam et al. 2020","Chao1","Smoke exposed_cecal","female",10,10,-0.451268933039197,0.127693827099888,"lnCVR","Tam"
"138","Tam et al. 2020","Chao1","Smoke exposed_cecal","male",10,10,-0.47967196751369,0.131983222549911,"lnCVR","Tam"
"139","Tam et al. 2020","Chao1","ovariectomy_cecal","female",10,10,-0.0958285742066288,0.128962382053635,"lnCVR","Tam"
"140","Tashiro et al. 2020","Chao1","Cellulose","female",8,8,-0.532910887247699,0.16758668111856,"lnCVR","Tashiro"
"141","Tashiro et al. 2020","Chao1","Cellulose","male",8,8,0.304470989102454,0.169565418892472,"lnCVR","Tashiro"
"142","Tashiro et al. 2020","Chao1","Fiberfree","female",8,8,-0.093716174842279,0.169146991527441,"lnCVR","Tashiro"
"143","Tashiro et al. 2020","Chao1","Fiberfree","male",8,8,0.0432056184090516,0.167897030921431,"lnCVR","Tashiro"
"144","Tashiro et al. 2020","Chao1","Pectin","female",8,8,0.636944285746287,0.17812652463178,"lnCVR","Tashiro"
"145","Tashiro et al. 2020","Chao1","Pectin","male",8,8,1.10661298396879,0.18630809675684,"lnCVR","Tashiro"
"146","Velasco et al. 2021","Chao1","C57BL/6J","female",4,NA,NA,NA,"lnCVR","Velasco"
"147","Velasco et al. 2021","Chao1","C57BL/6J","male",4,NA,NA,NA,"lnCVR","Velasco"
"148","Velasco et al. 2021","Chao1","MRL/MpJ","female",NA,4,NA,NA,"lnCVR","Velasco"
"149","Velasco et al. 2021","Chao1","MRL/MpJ","male",NA,4,NA,NA,"lnCVR","Velasco"
"150","Weng et al. 2019","Chao1","APOE2_APP transgene +","female",NA,11,NA,NA,"lnCVR","Weng"
"151","Weng et al. 2019","Chao1","APOE2_APP transgene +","male",NA,6,NA,NA,"lnCVR","Weng"
"152","Weng et al. 2019","Chao1","APOE2_APP transgene -","female",NA,18,NA,NA,"lnCVR","Weng"
"153","Weng et al. 2019","Chao1","APOE2_APP transgene -","male",NA,16,NA,NA,"lnCVR","Weng"
"154","Weng et al. 2019","Chao1","APOE3_APP transgene +","female",NA,21,NA,NA,"lnCVR","Weng"
"155","Weng et al. 2019","Chao1","APOE3_APP transgene +","male",NA,13,NA,NA,"lnCVR","Weng"
"156","Weng et al. 2019","Chao1","APOE3_APP transgene -","female",NA,15,NA,NA,"lnCVR","Weng"
"157","Weng et al. 2019","Chao1","APOE3_APP transgene -","male",NA,20,NA,NA,"lnCVR","Weng"
"158","Weng et al. 2019","Chao1","APOE4_APP transgene +","female",NA,24,NA,NA,"lnCVR","Weng"
"159","Weng et al. 2019","Chao1","APOE4_APP transgene +","male",NA,19,NA,NA,"lnCVR","Weng"
"160","Weng et al. 2019","Chao1","APOE4_APP transgene -","female",NA,24,NA,NA,"lnCVR","Weng"
"161","Weng et al. 2019","Chao1","APOE4_APP transgene -","male",NA,32,NA,NA,"lnCVR","Weng"
"162","Wolfe et al. 2020","Chao1","Smad3-/-_CRC_SFB+_cecal","female",NA,7,NA,NA,"lnCVR","Wolfe"
"163","Wolfe et al. 2020","Chao1","Smad3-/-_CRC_SFB+_cecal","male",NA,1,NA,NA,"lnCVR","Wolfe"
"164","Wolfe et al. 2020","Chao1","Smad3-/-_CRC_SFB+_fecal","female",NA,68,NA,NA,"lnCVR","Wolfe"
"165","Wolfe et al. 2020","Chao1","Smad3-/-_CRC_SFB+_fecal","male",NA,10,NA,NA,"lnCVR","Wolfe"
"166","Wolfe et al. 2020","Chao1","Smad3-/-_CRC_SFB-_cecal","female",NA,7,NA,NA,"lnCVR","Wolfe"
"167","Wolfe et al. 2020","Chao1","Smad3-/-_CRC_SFB-_cecal","male",NA,2,NA,NA,"lnCVR","Wolfe"
"168","Wolfe et al. 2020","Chao1","Smad3-/-_CRC_SFB-_fecal","female",NA,83,NA,NA,"lnCVR","Wolfe"
"169","Wolfe et al. 2020","Chao1","Smad3-/-_CRC_SFB-_fecal","male",NA,34,NA,NA,"lnCVR","Wolfe"
"170","Wolfe et al. 2020","Chao1","Smad3-/-_healthy_SFB+_cecal","female",NA,5,NA,NA,"lnCVR","Wolfe"
"171","Wolfe et al. 2020","Chao1","Smad3-/-_healthy_SFB+_cecal","male",NA,15,NA,NA,"lnCVR","Wolfe"
"172","Wolfe et al. 2020","Chao1","Smad3-/-_healthy_SFB+_fecal","female",NA,49,NA,NA,"lnCVR","Wolfe"
"173","Wolfe et al. 2020","Chao1","Smad3-/-_healthy_SFB+_fecal","male",NA,156,NA,NA,"lnCVR","Wolfe"
"174","Wolfe et al. 2020","Chao1","Smad3-/-_healthy_SFB-_cecal","female",NA,10,NA,NA,"lnCVR","Wolfe"
"175","Wolfe et al. 2020","Chao1","Smad3-/-_healthy_SFB-_cecal","male",NA,15,NA,NA,"lnCVR","Wolfe"
"176","Wolfe et al. 2020","Chao1","Smad3-/-_healthy_SFB-_fecal","female",NA,135,NA,NA,"lnCVR","Wolfe"
"177","Wolfe et al. 2020","Chao1","Smad3-/-_healthy_SFB-_fecal","male",NA,158,NA,NA,"lnCVR","Wolfe"
"178","Zajac et al. 2022","Chao1","APOE2/E2_cecal","female",NA,6,NA,NA,"lnCVR","Zajac"
"179","Zajac et al. 2022","Chao1","APOE2/E2_cecal","male",NA,5,NA,NA,"lnCVR","Zajac"
"180","Zajac et al. 2022","Chao1","APOE2/E2_fecal","female",NA,21,NA,NA,"lnCVR","Zajac"
"181","Zajac et al. 2022","Chao1","APOE2/E2_fecal","male",NA,15,NA,NA,"lnCVR","Zajac"
"182","Zajac et al. 2022","Chao1","APOE2/E2_small bowel","female",NA,3,NA,NA,"lnCVR","Zajac"
"183","Zajac et al. 2022","Chao1","APOE2/E2_small bowel","male",NA,2,NA,NA,"lnCVR","Zajac"
"184","Zajac et al. 2022","Chao1","APOE2/E3_cecal","female",NA,10,NA,NA,"lnCVR","Zajac"
"185","Zajac et al. 2022","Chao1","APOE2/E3_cecal","male",NA,7,NA,NA,"lnCVR","Zajac"
"186","Zajac et al. 2022","Chao1","APOE2/E3_fecal","female",NA,36,NA,NA,"lnCVR","Zajac"
"187","Zajac et al. 2022","Chao1","APOE2/E3_fecal","male",NA,21,NA,NA,"lnCVR","Zajac"
"188","Zajac et al. 2022","Chao1","APOE2/E3_small bowel","male",NA,1,NA,NA,"lnCVR","Zajac"
"189","Zajac et al. 2022","Chao1","APOE2_fecal","female",NA,7,NA,NA,"lnCVR","Zajac"
"190","Zajac et al. 2022","Chao1","APOE2_fecal","male",NA,8,NA,NA,"lnCVR","Zajac"
"191","Zajac et al. 2022","Chao1","APOE3/E3_cecal","female",NA,5,NA,NA,"lnCVR","Zajac"
"192","Zajac et al. 2022","Chao1","APOE3/E3_cecal","male",NA,13,NA,NA,"lnCVR","Zajac"
"193","Zajac et al. 2022","Chao1","APOE3/E3_fecal","female",NA,15,NA,NA,"lnCVR","Zajac"
"194","Zajac et al. 2022","Chao1","APOE3/E3_fecal","male",NA,41,NA,NA,"lnCVR","Zajac"
"195","Zajac et al. 2022","Chao1","APOE3/E3_small bowel","female",NA,2,NA,NA,"lnCVR","Zajac"
"196","Zajac et al. 2022","Chao1","APOE3/E3_small bowel","male",NA,4,NA,NA,"lnCVR","Zajac"
"197","Zajac et al. 2022","Chao1","APOE3/E4_cecal","female",NA,8,NA,NA,"lnCVR","Zajac"
"198","Zajac et al. 2022","Chao1","APOE3/E4_cecal","male",NA,10,NA,NA,"lnCVR","Zajac"
"199","Zajac et al. 2022","Chao1","APOE3/E4_fecal","female",NA,23,NA,NA,"lnCVR","Zajac"
"200","Zajac et al. 2022","Chao1","APOE3/E4_fecal","male",NA,32,NA,NA,"lnCVR","Zajac"
"201","Zajac et al. 2022","Chao1","APOE3/E4_small bowel","female",NA,1,NA,NA,"lnCVR","Zajac"
"202","Zajac et al. 2022","Chao1","APOE3_fecal","female",NA,7,NA,NA,"lnCVR","Zajac"
"203","Zajac et al. 2022","Chao1","APOE3_fecal","male",NA,6,NA,NA,"lnCVR","Zajac"
"204","Zajac et al. 2022","Chao1","APOE4/E4_cecal","female",NA,4,NA,NA,"lnCVR","Zajac"
"205","Zajac et al. 2022","Chao1","APOE4/E4_cecal","male",NA,5,NA,NA,"lnCVR","Zajac"
"206","Zajac et al. 2022","Chao1","APOE4/E4_fecal","female",NA,19,NA,NA,"lnCVR","Zajac"
"207","Zajac et al. 2022","Chao1","APOE4/E4_fecal","male",NA,15,NA,NA,"lnCVR","Zajac"
"208","Zajac et al. 2022","Chao1","APOE4/E4_small bowel","female",NA,3,NA,NA,"lnCVR","Zajac"
"209","Zajac et al. 2022","Chao1","APOE4/E4_small bowel","male",NA,3,NA,NA,"lnCVR","Zajac"
"210","Zajac et al. 2022","Chao1","APOE4_fecal","female",NA,7,NA,NA,"lnCVR","Zajac"
"211","Zajac et al. 2022","Chao1","APOE4_fecal","male",NA,7,NA,NA,"lnCVR","Zajac"
"212","Zou et al. 2021","Chao1","Glrx1 KO + High fat chow","female",4,4,-0.0549868389506056,0.45147610965755,"lnCVR","Zou"
"213","Zou et al. 2021","Chao1","Glrx1 KO + High fat chow","male",4,4,-0.354528239997204,0.448072481338263,"lnCVR","Zou"
"214","Zou et al. 2021","Chao1","Glrx1 KO + Standard chow","female",4,3,-0.219360414269717,0.603628299675593,"lnCVR","Zou"
"215","Zou et al. 2021","Chao1","Glrx1 KO + Standard chow","male",4,2,-1.23949741109657,1.22486391723164,"lnCVR","Zou"
"216","Zou et al. 2021","Chao1","High fat chow","female",4,5,-0.100091155197196,0.384818640887163,"lnCVR","Zou"
"217","Zou et al. 2021","Chao1","High fat chow","male",4,5,-0.170743689263293,0.38240662529181,"lnCVR","Zou"
"218","Cheema & Pluznick 2019","Evenness","Ang II infusion","female",3,3,-0.767154319876366,0.761049181655136,"lnCVR","Cheema"
"219","Cheema & Pluznick 2019","Evenness","Ang II infusion","male",3,3,-0.640124340553094,0.764405721393663,"lnCVR","Cheema"
"220","Ellis et al. 2021","Evenness","13C11MK4_cecal","female",7,7,0.214055544586899,0.194635909542921,"lnCVR","Ellis"
"221","Ellis et al. 2021","Evenness","13C11MK4_cecal","male",7,7,0.472952158122427,0.195150452310593,"lnCVR","Ellis"
"222","Ellis et al. 2021","Evenness","2H7MK7_cecal","female",7,7,0.462007674394569,0.194710349421007,"lnCVR","Ellis"
"223","Ellis et al. 2021","Evenness","2H7MK7_cecal","male",7,7,0.155905375682192,0.194911526564203,"lnCVR","Ellis"
"224","Ellis et al. 2021","Evenness","2H7MK9_cecal","female",7,7,0.31047286443473,0.194660568879303,"lnCVR","Ellis"
"225","Ellis et al. 2021","Evenness","2H7MK9_cecal","male",7,7,-0.201468753619029,0.194773782165952,"lnCVR","Ellis"
"226","Ellis et al. 2021","Evenness","2H7PK_cecal","female",7,7,0.244967043235983,0.194643303600172,"lnCVR","Ellis"
"227","Ellis et al. 2021","Evenness","2H7PK_cecal","male",7,7,0.631349964149259,0.195340216319277,"lnCVR","Ellis"
"228","Ellis et al. 2021","Evenness","Combo_cecal","female",7,9,0.05817275582513,0.16767908192514,"lnCVR","Ellis"
"229","Ellis et al. 2021","Evenness","Combo_cecal","male",7,10,0.277170926750536,0.159402347882375,"lnCVR","Ellis"
"230","Ellis et al. 2021","Evenness","MK4_cecal","female",7,10,0.507563307731141,0.159180455491628,"lnCVR","Ellis"
"231","Ellis et al. 2021","Evenness","MK4_cecal","male",7,10,0.110939108274485,0.159330394989029,"lnCVR","Ellis"
"232","Ellis et al. 2021","Evenness","MK9_cecal","female",7,9,0.123772654656054,0.167688730570527,"lnCVR","Ellis"
"233","Ellis et al. 2021","Evenness","MK9_cecal","male",7,9,0.147873221024694,0.167947299029303,"lnCVR","Ellis"
"234","Ellis et al. 2021","Evenness","PK_cecal","female",7,9,0.306119730736105,0.167723266043452,"lnCVR","Ellis"
"235","Ellis et al. 2021","Evenness","PK_cecal","male",7,10,0.137901144787881,0.159340501860277,"lnCVR","Ellis"
"236","Ellis et al. 2021","Evenness","VKdef_cecal","female",7,9,0.394748342542805,0.167745185253613,"lnCVR","Ellis"
"237","Ellis et al. 2021","Evenness","VKdef_cecal","male",7,8,0.0491295663329175,0.179247445808298,"lnCVR","Ellis"
"238","Gubert et al. 2022","Evenness","R6/1_Enviromental enrichment ","female",8,7,-0.0121459892986904,0.183878985200607,"lnCVR","Gubert"
"239","Gubert et al. 2022","Evenness","R6/1_Enviromental enrichment ","female",8,7,-0.254573780027366,0.185388012324818,"lnCVR","Gubert"
"240","Gubert et al. 2022","Evenness","R6/1_Enviromental enrichment ","male",8,8,-0.0230826287949108,0.166567065616217,"lnCVR","Gubert"
"241","Gubert et al. 2022","Evenness","R6/1_Enviromental enrichment ","male",8,8,-0.507821480564281,0.169349910001043,"lnCVR","Gubert"
"242","Gubert et al. 2022","Evenness","R6/1_Exercise","female",8,8,0.062335860737328,0.168394690338833,"lnCVR","Gubert"
"243","Gubert et al. 2022","Evenness","R6/1_Exercise","female",8,8,-0.180091929991347,0.169903717463043,"lnCVR","Gubert"
"244","Gubert et al. 2022","Evenness","R6/1_Exercise","male",8,8,-0.588125649819853,0.165474434349683,"lnCVR","Gubert"
"245","Gubert et al. 2022","Evenness","R6/1_Exercise","male",8,8,-1.07286450158922,0.16825727873451,"lnCVR","Gubert"
"246","Gubert et al. 2022","Evenness","WT_Enviromental enrichment ","female",8,8,-0.0161500231330197,0.167997445657789,"lnCVR","Gubert"
"247","Gubert et al. 2022","Evenness","WT_Enviromental enrichment ","female",8,8,-0.258577813861695,0.169506472782,"lnCVR","Gubert"
"248","Gubert et al. 2022","Evenness","WT_Enviromental enrichment ","male",8,8,0.291100202962703,0.167983844723175,"lnCVR","Gubert"
"249","Gubert et al. 2022","Evenness","WT_Enviromental enrichment ","male",8,8,-0.193638648806668,0.170766689108002,"lnCVR","Gubert"
"250","Gubert et al. 2022","Evenness","WT_Exercise","female",8,8,-0.601103861840097,0.166390499633611,"lnCVR","Gubert"
"251","Gubert et al. 2022","Evenness","WT_Exercise","female",8,8,-0.843531652568772,0.167899526757821,"lnCVR","Gubert"
"252","Gubert et al. 2022","Evenness","WT_Exercise","male",8,8,-0.100980649306779,0.166333927773596,"lnCVR","Gubert"
"253","Gubert et al. 2022","Evenness","WT_Exercise","male",8,8,-0.58571950107615,0.169116772158422,"lnCVR","Gubert"
"254","Ibrahim et al. 2019","Evenness","AOM/DSS","female",4,3,0.715500913223999,0.600211745185364,"lnCVR","Ibrahim"
"255","Ibrahim et al. 2019","Evenness","AOM/DSS","female",4,3,0.464372358474585,0.600552304247246,"lnCVR","Ibrahim"
"256","Ibrahim et al. 2019","Evenness","AOM/DSS","male",4,7,-0.482505336178187,0.322608139990584,"lnCVR","Ibrahim"
"257","Ibrahim et al. 2019","Evenness","AOM/DSS","male",4,7,0.837408430876854,0.320269291940196,"lnCVR","Ibrahim"
"258","Ibrahim et al. 2019","Evenness","AOM/DSS-ERbKOVil","female",4,6,0.23348619683359,0.343377065160188,"lnCVR","Ibrahim"
"259","Ibrahim et al. 2019","Evenness","AOM/DSS-ERbKOVil","female",4,6,-0.0176423579158238,0.34371762422207,"lnCVR","Ibrahim"
"260","Ibrahim et al. 2019","Evenness","AOM/DSS-ERbKOVil","male",4,7,-0.925007113168635,0.322228740646765,"lnCVR","Ibrahim"
"261","Ibrahim et al. 2019","Evenness","AOM/DSS-ERbKOVil","male",4,7,0.394906653886406,0.319889892596377,"lnCVR","Ibrahim"
"262","Kozik et al. 2019","Evenness","Colitis-cecal","female",3,7,0.209388118802875,0.474385302604035,"lnCVR","Kozik"
"263","Kozik et al. 2019","Evenness","Colitis-cecal","female",3,7,-1.687851057709,0.527680886230125,"lnCVR","Kozik"
"264","Kozik et al. 2019","Evenness","Colitis-cecal","female",3,7,-1.48949387940178,0.508888741604405,"lnCVR","Kozik"
"265","Kozik et al. 2019","Evenness","Colitis-cecal","female",3,7,-0.447187916946665,0.477484383160095,"lnCVR","Kozik"
"266","Kozik et al. 2019","Evenness","Colitis-cecal","male",2,7,-0.219682779226541,1.0982930053435,"lnCVR","Kozik"
"267","Kozik et al. 2019","Evenness","Colitis-cecal","male",2,7,-0.309821418899764,1.09844181734254,"lnCVR","Kozik"
"268","Kozik et al. 2019","Evenness","Colitis-cecal","male",2,7,-1.14695735451746,1.10237629908876,"lnCVR","Kozik"
"269","Kozik et al. 2019","Evenness","Colitis-colonMucus","female",3,4,0.885015123146757,0.604291736024786,"lnCVR","Kozik"
"270","Kozik et al. 2019","Evenness","Colitis-colonMucus","female",3,4,-1.01222405336512,0.657587319650876,"lnCVR","Kozik"
"271","Kozik et al. 2019","Evenness","Colitis-colonMucus","female",3,4,-0.813866875057902,0.638795175025156,"lnCVR","Kozik"
"272","Kozik et al. 2019","Evenness","Colitis-colonMucus","female",3,4,0.228439087397216,0.607390816580846,"lnCVR","Kozik"
"273","Kozik et al. 2019","Evenness","Colitis-colonMucus","male",2,5,0.0789151816757835,1.1577482014234,"lnCVR","Kozik"
"274","Kozik et al. 2019","Evenness","Colitis-colonMucus","male",2,5,-0.0112234579974393,1.15789701342243,"lnCVR","Kozik"
"275","Kozik et al. 2019","Evenness","Colitis-colonMucus","male",2,5,-0.848359393615133,1.16183149516865,"lnCVR","Kozik"
"276","Kozik et al. 2019","Evenness","Colitis-colonMucus_T0","male",2,1,NA,NA,"lnCVR","Kozik"
"277","Kozik et al. 2019","Evenness","Colitis-colonMucus_T0","male",2,1,NA,NA,"lnCVR","Kozik"
"278","Kozik et al. 2019","Evenness","Colitis-colonMucus_T0","male",2,1,NA,NA,"lnCVR","Kozik"
"279","Kozik et al. 2019","Evenness","Colitis-fecal","female",3,7,0.312768413158618,0.474622335969618,"lnCVR","Kozik"
"280","Kozik et al. 2019","Evenness","Colitis-fecal","female",3,7,-1.58447076335326,0.527917919595708,"lnCVR","Kozik"
"281","Kozik et al. 2019","Evenness","Colitis-fecal","female",3,7,-1.38611358504604,0.509125774969988,"lnCVR","Kozik"
"282","Kozik et al. 2019","Evenness","Colitis-fecal","female",3,7,-0.343807622590922,0.477721416525678,"lnCVR","Kozik"
"283","Kozik et al. 2019","Evenness","Colitis-fecal","male",2,5,0.630768187576645,1.15925657165692,"lnCVR","Kozik"
"284","Kozik et al. 2019","Evenness","Colitis-fecal","male",2,5,0.540629547903422,1.15940538365595,"lnCVR","Kozik"
"285","Kozik et al. 2019","Evenness","Colitis-fecal","male",2,5,-0.296506387714272,1.16333986540217,"lnCVR","Kozik"
"286","Kozik et al. 2019","Evenness","Colitis-fecal_T0","female",3,7,0.425605462337658,0.474943877241458,"lnCVR","Kozik"
"287","Kozik et al. 2019","Evenness","Colitis-fecal_T0","female",3,7,-1.47163371417422,0.528239460867548,"lnCVR","Kozik"
"288","Kozik et al. 2019","Evenness","Colitis-fecal_T0","female",3,7,-1.273276535867,0.509447316241827,"lnCVR","Kozik"
"289","Kozik et al. 2019","Evenness","Colitis-fecal_T0","female",3,7,-0.230970573411883,0.478042957797518,"lnCVR","Kozik"
"290","Kozik et al. 2019","Evenness","Colitis-fecal_T0","male",2,7,0.918953798375075,1.10109303079759,"lnCVR","Kozik"
"291","Kozik et al. 2019","Evenness","Colitis-fecal_T0","male",2,7,0.828815158701852,1.10124184279662,"lnCVR","Kozik"
"292","Kozik et al. 2019","Evenness","Colitis-fecal_T0","male",2,7,-0.00832077691584185,1.10517632454284,"lnCVR","Kozik"
"293","Li et al. 2020","Evenness","Chow diet + STZ injection+ Distilled water ","female",NA,1,NA,NA,"lnCVR","Li"
"294","Li et al. 2020","Evenness","Chow diet + STZ injection+ Distilled water ","male",NA,5,NA,NA,"lnCVR","Li"
"295","Li et al. 2020","Evenness","HFD+ STZ injection + DNJ","female",NA,9,NA,NA,"lnCVR","Li"
"296","Li et al. 2020","Evenness","HFD+ STZ injection + DNJ","male",NA,1,NA,NA,"lnCVR","Li"
"297","Li et al. 2020","Evenness","HFD+ STZ injection+ Distilled water","female",NA,3,NA,NA,"lnCVR","Li"
"298","Lindheim et al. 2018","Evenness","PRJNA445979","female",NA,93,NA,NA,"lnCVR","Lindheim"
"299","Lindheim et al. 2018","Evenness","PRJNA445979","male",NA,76,NA,NA,"lnCVR","Lindheim"
"300","Lyte et al. 2022","Evenness","beef-chow","female",19,19,0.341812194740331,0.0590435305514991,"lnCVR","Lyte"
"301","Lyte et al. 2022","Evenness","beef-chow","male",20,18,-0.865021843567936,0.0597190940275823,"lnCVR","Lyte"
"302","Lyte et al. 2022","Evenness","beef-chow-stress","female",19,20,0.203182759190424,0.057349182231763,"lnCVR","Lyte"
"303","Lyte et al. 2022","Evenness","beef-chow-stress","male",20,18,-0.690413380906286,0.0597790343233856,"lnCVR","Lyte"
"304","Lyte et al. 2022","Evenness","chow-stress","female",19,20,0.279094869115715,0.0573807835735287,"lnCVR","Lyte"
"305","Lyte et al. 2022","Evenness","chow-stress","male",20,20,-0.417774703561502,0.0564523561193062,"lnCVR","Lyte"
"306","Pizarro et al. 2021","Evenness","Water-T0","female",8,NA,NA,NA,"lnCVR","Pizarro"
"307","Pizarro et al. 2021","Evenness","Water-T0","male",10,NA,NA,NA,"lnCVR","Pizarro"
"308","Pizarro et al. 2021","Evenness","EtOH-Syn-T1","female",NA,8,NA,NA,"lnCVR","Pizarro"
"309","Pizarro et al. 2021","Evenness","EtOH-Syn-T1","male",NA,10,NA,NA,"lnCVR","Pizarro"
"310","Pizarro et al. 2021","Evenness","EtOH-T1","female",NA,8,NA,NA,"lnCVR","Pizarro"
"311","Pizarro et al. 2021","Evenness","EtOH-T1","male",NA,10,NA,NA,"lnCVR","Pizarro"
"312","Pizarro et al. 2021","Evenness","Symbiotic-T0","female",NA,8,NA,NA,"lnCVR","Pizarro"
"313","Pizarro et al. 2021","Evenness","Symbiotic-T0","male",NA,10,NA,NA,"lnCVR","Pizarro"
"314","Ramakrishna et al. 2020","Evenness","ACV+IVIG-injected","female",3,4,0.269689118340862,0.599253217199381,"lnCVR","Ramakrishna"
"315","Ramakrishna et al. 2020","Evenness","ACV+IVIG-injected","male",2,1,NA,NA,"lnCVR","Ramakrishna"
"316","Ramakrishna et al. 2020","Evenness","ACV-injected","female",3,2,1.4996468125436,1.39083504986744,"lnCVR","Ramakrishna"
"317","Ramakrishna et al. 2020","Evenness","ACV-injected","male",2,3,0.945655689690728,1.38087794362331,"lnCVR","Ramakrishna"
"318","Ramakrishna et al. 2020","Evenness","HSV1-infected","female",3,5,-0.55969624832755,0.532258311932395,"lnCVR","Ramakrishna"
"319","Ramakrishna et al. 2020","Evenness","HSV1-infected","male",2,4,0.223905672142155,1.22400297423339,"lnCVR","Ramakrishna"
"320","Ramakrishna et al. 2020","Evenness","HSV1-infected; ACV+IVIG-injected","female",3,3,0.556413204609516,0.753263936002001,"lnCVR","Ramakrishna"
"321","Ramakrishna et al. 2020","Evenness","HSV1-infected; ACV+IVIG-injected","male",2,2,-0.201890341142162,2.00117611835759,"lnCVR","Ramakrishna"
"322","Ramakrishna et al. 2020","Evenness","HSV1-infected; ACV-injected","female",3,1,NA,NA,"lnCVR","Ramakrishna"
"323","Ramakrishna et al. 2020","Evenness","HSV1-infected; ACV-injected","male",2,1,NA,NA,"lnCVR","Ramakrishna"
"324","Ramakrishna et al. 2020","Evenness","HSV1-infected; IVIG-injected","female",3,1,NA,NA,"lnCVR","Ramakrishna"
"325","Ramakrishna et al. 2020","Evenness","HSV1-infected; IVIG-injected","male",2,3,0.831285079128393,1.37981378667389,"lnCVR","Ramakrishna"
"326","Ramakrishna et al. 2020","Evenness","IVIG-injected","female",3,5,0.481936242796303,0.533685485321224,"lnCVR","Ramakrishna"
"327","Ramakrishna et al. 2020","Evenness","IVIG-injected","male",2,5,-0.530707957372986,1.15716176597938,"lnCVR","Ramakrishna"
"328","Son et al. 2019","Evenness","IL-10 Knockout ","female",8,8,-0.995637931881951,0.174946485046362,"lnCVR","Son"
"329","Son et al. 2019","Evenness","IL-10 Knockout ","male",8,8,1.8408671434367,0.171429053938703,"lnCVR","Son"
"330","Song et al. 2020","Evenness","AOM/DSS","male",5,12,-0.633104308938516,0.20941418527776,"lnCVR","Song"
"331","Song et al. 2020","Evenness","AOM/DSS E2-supplemented","male",5,12,-0.137528900876216,0.210146528656297,"lnCVR","Song"
"332","Song et al. 2020","Evenness","E2-supplemented","male",5,12,-0.287369636341769,0.209844772325349,"lnCVR","Song"
"333","Song et al. 2020","Evenness","ovariectomized ","female",11,7,0.103624357715819,0.153227669855566,"lnCVR","Song"
"334","Song et al. 2021","Evenness","AOM/DSS","female",8,8,-0.314852924994265,0.189542507567202,"lnCVR","Song"
"335","Song et al. 2021","Evenness","AOM/DSS","male",8,8,1.32261652387388,0.170166693604264,"lnCVR","Song"
"336","Song et al. 2021","Evenness","AOM/DSS-Nrf2KO","female",8,8,-0.328317496461376,0.189298545875012,"lnCVR","Song"
"337","Song et al. 2021","Evenness","AOM/DSS-Nrf2KO","male",8,8,1.28876615378513,0.169740804072312,"lnCVR","Song"
"338","Song et al. 2021","Evenness","Nrf2KO","female",8,8,-0.775207320220818,0.184060167266445,"lnCVR","Song"
"339","Song et al. 2021","Evenness","Nrf2KO","male",8,8,1.04393822371062,0.167396482144181,"lnCVR","Song"
"340","Song et al. 2022","Evenness","AOM/DSS","female",4,7,0.852257380308655,0.328839837209154,"lnCVR","Song"
"341","Song et al. 2022","Evenness","AOM/DSS","male",4,10,-0.0511570186462525,0.290628025113644,"lnCVR","Song"
"342","Song et al. 2022","Evenness","AOM/DSS_ steroid-injected","female",4,4,0.963271872517089,0.460270311469329,"lnCVR","Song"
"343","Song et al. 2022","Evenness","AOM/DSS_ steroid-injected","male",4,8,0.01794052350954,0.311343878093927,"lnCVR","Song"
"344","Song et al. 2022","Evenness","orchiectomized","male",4,4,-0.0689038149932967,0.453062711078592,"lnCVR","Song"
"345","Song et al. 2022","Evenness","orchiectomized_ AOM/DSS","male",4,10,0.22998999891278,0.292198717182813,"lnCVR","Song"
"346","Song et al. 2022","Evenness","orchiectomized_ AOM/DSS_ steroid-injected","male",4,6,0.071850581053978,0.350878504655758,"lnCVR","Song"
"347","Sun et al. 2020","Evenness","High fat","female",8,7,-0.258341055372018,0.179341689187711,"lnCVR","Sun"
"348","Sun et al. 2020","Evenness","High fat","male",8,8,-0.362116034592088,0.164009927255919,"lnCVR","Sun"
"349","Sun et al. 2020","Evenness","Pomctm1/tm1","female",8,8,-0.103097365445256,0.163795387730382,"lnCVR","Sun"
"350","Sun et al. 2020","Evenness","Pomctm1/tm1","male",8,8,0.430720337293895,0.164955179407671,"lnCVR","Sun"
"351","Sun et al. 2020","Evenness","Pomctm1/tm1, High fat","female",8,7,-0.311990125443598,0.179321891709783,"lnCVR","Sun"
"352","Sun et al. 2020","Evenness","Pomctm1/tm1, High fat","male",8,8,0.543189754229437,0.165255587795475,"lnCVR","Sun"
"353","Tam et al. 2020","Evenness","""Smoke exposed, ovariectomy""_cecal","female",10,8,0.244926724457873,0.144823794566223,"lnCVR","Tam"
"354","Tam et al. 2020","Evenness","Smoke exposed_cecal","female",10,10,-0.229892520640852,0.124258094690572,"lnCVR","Tam"
"355","Tam et al. 2020","Evenness","Smoke exposed_cecal","male",10,10,0.0942879495534498,0.124657280420052,"lnCVR","Tam"
"356","Tam et al. 2020","Evenness","ovariectomy_cecal","female",10,10,0.28433306190996,0.124815955394945,"lnCVR","Tam"
"357","Tashiro et al. 2020","Evenness","Cellulose","female",8,8,-0.545264268990721,0.177446543502602,"lnCVR","Tashiro"
"358","Tashiro et al. 2020","Evenness","Cellulose","male",8,8,-0.247647504047695,0.174965233695718,"lnCVR","Tashiro"
"359","Tashiro et al. 2020","Evenness","Fiberfree","female",8,8,-0.708100144701709,0.176459164258142,"lnCVR","Tashiro"
"360","Tashiro et al. 2020","Evenness","Fiberfree","male",8,8,-1.21521452883225,0.171181266065138,"lnCVR","Tashiro"
"361","Tashiro et al. 2020","Evenness","Pectin","female",8,8,-0.64147946646161,0.17682438624131,"lnCVR","Tashiro"
"362","Tashiro et al. 2020","Evenness","Pectin","male",8,8,0.0592040942208498,0.178754959914998,"lnCVR","Tashiro"
"363","Velasco et al. 2021","Evenness","C57BL/6J","female",4,NA,NA,NA,"lnCVR","Velasco"
"364","Velasco et al. 2021","Evenness","C57BL/6J","male",4,NA,NA,NA,"lnCVR","Velasco"
"365","Velasco et al. 2021","Evenness","MRL/MpJ","female",NA,4,NA,NA,"lnCVR","Velasco"
"366","Velasco et al. 2021","Evenness","MRL/MpJ","male",NA,4,NA,NA,"lnCVR","Velasco"
"367","Weng et al. 2019","Evenness","APOE2_APP transgene +","female",NA,11,NA,NA,"lnCVR","Weng"
"368","Weng et al. 2019","Evenness","APOE2_APP transgene +","male",NA,6,NA,NA,"lnCVR","Weng"
"369","Weng et al. 2019","Evenness","APOE2_APP transgene -","female",NA,18,NA,NA,"lnCVR","Weng"
"370","Weng et al. 2019","Evenness","APOE2_APP transgene -","male",NA,16,NA,NA,"lnCVR","Weng"
"371","Weng et al. 2019","Evenness","APOE3_APP transgene +","female",NA,21,NA,NA,"lnCVR","Weng"
"372","Weng et al. 2019","Evenness","APOE3_APP transgene +","male",NA,13,NA,NA,"lnCVR","Weng"
"373","Weng et al. 2019","Evenness","APOE3_APP transgene -","female",NA,15,NA,NA,"lnCVR","Weng"
"374","Weng et al. 2019","Evenness","APOE3_APP transgene -","male",NA,20,NA,NA,"lnCVR","Weng"
"375","Weng et al. 2019","Evenness","APOE4_APP transgene +","female",NA,24,NA,NA,"lnCVR","Weng"
"376","Weng et al. 2019","Evenness","APOE4_APP transgene +","male",NA,19,NA,NA,"lnCVR","Weng"
"377","Weng et al. 2019","Evenness","APOE4_APP transgene -","female",NA,24,NA,NA,"lnCVR","Weng"
"378","Weng et al. 2019","Evenness","APOE4_APP transgene -","male",NA,32,NA,NA,"lnCVR","Weng"
"379","Wolfe et al. 2020","Evenness","Smad3-/-_CRC_SFB+_cecal","female",NA,7,NA,NA,"lnCVR","Wolfe"
"380","Wolfe et al. 2020","Evenness","Smad3-/-_CRC_SFB+_cecal","male",NA,1,NA,NA,"lnCVR","Wolfe"
"381","Wolfe et al. 2020","Evenness","Smad3-/-_CRC_SFB+_fecal","female",NA,68,NA,NA,"lnCVR","Wolfe"
"382","Wolfe et al. 2020","Evenness","Smad3-/-_CRC_SFB+_fecal","male",NA,10,NA,NA,"lnCVR","Wolfe"
"383","Wolfe et al. 2020","Evenness","Smad3-/-_CRC_SFB-_cecal","female",NA,7,NA,NA,"lnCVR","Wolfe"
"384","Wolfe et al. 2020","Evenness","Smad3-/-_CRC_SFB-_cecal","male",NA,2,NA,NA,"lnCVR","Wolfe"
"385","Wolfe et al. 2020","Evenness","Smad3-/-_CRC_SFB-_fecal","female",NA,83,NA,NA,"lnCVR","Wolfe"
"386","Wolfe et al. 2020","Evenness","Smad3-/-_CRC_SFB-_fecal","male",NA,34,NA,NA,"lnCVR","Wolfe"
"387","Wolfe et al. 2020","Evenness","Smad3-/-_healthy_SFB+_cecal","female",NA,5,NA,NA,"lnCVR","Wolfe"
"388","Wolfe et al. 2020","Evenness","Smad3-/-_healthy_SFB+_cecal","male",NA,15,NA,NA,"lnCVR","Wolfe"
"389","Wolfe et al. 2020","Evenness","Smad3-/-_healthy_SFB+_fecal","female",NA,49,NA,NA,"lnCVR","Wolfe"
"390","Wolfe et al. 2020","Evenness","Smad3-/-_healthy_SFB+_fecal","male",NA,156,NA,NA,"lnCVR","Wolfe"
"391","Wolfe et al. 2020","Evenness","Smad3-/-_healthy_SFB-_cecal","female",NA,10,NA,NA,"lnCVR","Wolfe"
"392","Wolfe et al. 2020","Evenness","Smad3-/-_healthy_SFB-_cecal","male",NA,15,NA,NA,"lnCVR","Wolfe"
"393","Wolfe et al. 2020","Evenness","Smad3-/-_healthy_SFB-_fecal","female",NA,135,NA,NA,"lnCVR","Wolfe"
"394","Wolfe et al. 2020","Evenness","Smad3-/-_healthy_SFB-_fecal","male",NA,158,NA,NA,"lnCVR","Wolfe"
"395","Zajac et al. 2022","Evenness","APOE2/E2_cecal","female",NA,6,NA,NA,"lnCVR","Zajac"
"396","Zajac et al. 2022","Evenness","APOE2/E2_cecal","male",NA,5,NA,NA,"lnCVR","Zajac"
"397","Zajac et al. 2022","Evenness","APOE2/E2_fecal","female",NA,21,NA,NA,"lnCVR","Zajac"
"398","Zajac et al. 2022","Evenness","APOE2/E2_fecal","male",NA,15,NA,NA,"lnCVR","Zajac"
"399","Zajac et al. 2022","Evenness","APOE2/E2_small bowel","female",NA,3,NA,NA,"lnCVR","Zajac"
"400","Zajac et al. 2022","Evenness","APOE2/E2_small bowel","male",NA,2,NA,NA,"lnCVR","Zajac"
"401","Zajac et al. 2022","Evenness","APOE2/E3_cecal","female",NA,10,NA,NA,"lnCVR","Zajac"
"402","Zajac et al. 2022","Evenness","APOE2/E3_cecal","male",NA,7,NA,NA,"lnCVR","Zajac"
"403","Zajac et al. 2022","Evenness","APOE2/E3_fecal","female",NA,36,NA,NA,"lnCVR","Zajac"
"404","Zajac et al. 2022","Evenness","APOE2/E3_fecal","male",NA,21,NA,NA,"lnCVR","Zajac"
"405","Zajac et al. 2022","Evenness","APOE2/E3_small bowel","male",NA,1,NA,NA,"lnCVR","Zajac"
"406","Zajac et al. 2022","Evenness","APOE2_fecal","female",NA,7,NA,NA,"lnCVR","Zajac"
"407","Zajac et al. 2022","Evenness","APOE2_fecal","male",NA,8,NA,NA,"lnCVR","Zajac"
"408","Zajac et al. 2022","Evenness","APOE3/E3_cecal","female",NA,5,NA,NA,"lnCVR","Zajac"
"409","Zajac et al. 2022","Evenness","APOE3/E3_cecal","male",NA,13,NA,NA,"lnCVR","Zajac"
"410","Zajac et al. 2022","Evenness","APOE3/E3_fecal","female",NA,15,NA,NA,"lnCVR","Zajac"
"411","Zajac et al. 2022","Evenness","APOE3/E3_fecal","male",NA,41,NA,NA,"lnCVR","Zajac"
"412","Zajac et al. 2022","Evenness","APOE3/E3_small bowel","female",NA,2,NA,NA,"lnCVR","Zajac"
"413","Zajac et al. 2022","Evenness","APOE3/E3_small bowel","male",NA,4,NA,NA,"lnCVR","Zajac"
"414","Zajac et al. 2022","Evenness","APOE3/E4_cecal","female",NA,8,NA,NA,"lnCVR","Zajac"
"415","Zajac et al. 2022","Evenness","APOE3/E4_cecal","male",NA,10,NA,NA,"lnCVR","Zajac"
"416","Zajac et al. 2022","Evenness","APOE3/E4_fecal","female",NA,23,NA,NA,"lnCVR","Zajac"
"417","Zajac et al. 2022","Evenness","APOE3/E4_fecal","male",NA,32,NA,NA,"lnCVR","Zajac"
"418","Zajac et al. 2022","Evenness","APOE3/E4_small bowel","female",NA,1,NA,NA,"lnCVR","Zajac"
"419","Zajac et al. 2022","Evenness","APOE3_fecal","female",NA,7,NA,NA,"lnCVR","Zajac"
"420","Zajac et al. 2022","Evenness","APOE3_fecal","male",NA,6,NA,NA,"lnCVR","Zajac"
"421","Zajac et al. 2022","Evenness","APOE4/E4_cecal","female",NA,4,NA,NA,"lnCVR","Zajac"
"422","Zajac et al. 2022","Evenness","APOE4/E4_cecal","male",NA,5,NA,NA,"lnCVR","Zajac"
"423","Zajac et al. 2022","Evenness","APOE4/E4_fecal","female",NA,19,NA,NA,"lnCVR","Zajac"
"424","Zajac et al. 2022","Evenness","APOE4/E4_fecal","male",NA,15,NA,NA,"lnCVR","Zajac"
"425","Zajac et al. 2022","Evenness","APOE4/E4_small bowel","female",NA,3,NA,NA,"lnCVR","Zajac"
"426","Zajac et al. 2022","Evenness","APOE4/E4_small bowel","male",NA,3,NA,NA,"lnCVR","Zajac"
"427","Zajac et al. 2022","Evenness","APOE4_fecal","female",NA,7,NA,NA,"lnCVR","Zajac"
"428","Zajac et al. 2022","Evenness","APOE4_fecal","male",NA,7,NA,NA,"lnCVR","Zajac"
"429","Zou et al. 2021","Evenness","Glrx1 KO + High fat chow","female",4,4,-0.66878021529353,0.44817045736422,"lnCVR","Zou"
"430","Zou et al. 2021","Evenness","Glrx1 KO + High fat chow","male",4,4,1.10254545351605,0.446170713130841,"lnCVR","Zou"
"431","Zou et al. 2021","Evenness","Glrx1 KO + Standard chow","female",4,3,-0.331478752829845,0.601890084992072,"lnCVR","Zou"
"432","Zou et al. 2021","Evenness","Glrx1 KO + Standard chow","male",4,2,0.0910551463227246,1.2226040944369,"lnCVR","Zou"
"433","Zou et al. 2021","Evenness","High fat chow","female",4,5,-1.43182929657784,0.381571468928163,"lnCVR","Zou"
"434","Zou et al. 2021","Evenness","High fat chow","male",4,5,0.70191816041684,0.379249298618063,"lnCVR","Zou"
"435","Cheema & Pluznick 2019","Richness","Ang II infusion","female",3,3,-1.3373892080719,0.773569775037644,"lnCVR","Cheema"
"436","Cheema & Pluznick 2019","Richness","Ang II infusion","male",3,3,-0.558849811930937,0.788979696376147,"lnCVR","Cheema"
"437","Ellis et al. 2021","Richness","13C11MK4_cecal","female",7,7,0.380440998151246,0.195196674695428,"lnCVR","Ellis"
"438","Ellis et al. 2021","Richness","13C11MK4_cecal","male",7,7,-1.36976838048803,0.203927656908414,"lnCVR","Ellis"
"439","Ellis et al. 2021","Richness","2H7MK7_cecal","female",7,7,0.388873274012001,0.195205402073402,"lnCVR","Ellis"
"440","Ellis et al. 2021","Richness","2H7MK7_cecal","male",7,7,-0.913196158814997,0.204778124593097,"lnCVR","Ellis"
"441","Ellis et al. 2021","Richness","2H7MK9_cecal","female",7,7,0.666332737063495,0.195592758221139,"lnCVR","Ellis"
"442","Ellis et al. 2021","Richness","2H7MK9_cecal","male",7,7,-1.22927680699686,0.204112386237536,"lnCVR","Ellis"
"443","Ellis et al. 2021","Richness","2H7PK_cecal","female",7,7,0.673858916054527,0.19560656080381,"lnCVR","Ellis"
"444","Ellis et al. 2021","Richness","2H7PK_cecal","male",7,7,-0.791850968301902,0.205169006021026,"lnCVR","Ellis"
"445","Ellis et al. 2021","Richness","Combo_cecal","female",7,9,0.926449289625397,0.169014669065734,"lnCVR","Ellis"
"446","Ellis et al. 2021","Richness","Combo_cecal","male",7,10,-1.17092408641579,0.168491547253559,"lnCVR","Ellis"
"447","Ellis et al. 2021","Richness","MK4_cecal","female",7,10,0.799958975128798,0.160068627289005,"lnCVR","Ellis"
"448","Ellis et al. 2021","Richness","MK4_cecal","male",7,10,-0.816765957232063,0.169138400426857,"lnCVR","Ellis"
"449","Ellis et al. 2021","Richness","MK9_cecal","female",7,9,0.734934027794332,0.16861944349002,"lnCVR","Ellis"
"450","Ellis et al. 2021","Richness","MK9_cecal","male",7,9,-0.747574674866995,0.178052344455636,"lnCVR","Ellis"
"451","Ellis et al. 2021","Richness","PK_cecal","female",7,9,0.676455068707085,0.168526043230722,"lnCVR","Ellis"
"452","Ellis et al. 2021","Richness","PK_cecal","male",7,10,0.0923123285171306,0.175787576291199,"lnCVR","Ellis"
"453","Ellis et al. 2021","Richness","VKdef_cecal","female",7,9,1.02834749349284,0.169295713998067,"lnCVR","Ellis"
"454","Ellis et al. 2021","Richness","VKdef_cecal","male",7,8,-0.933603012578576,0.188989852214515,"lnCVR","Ellis"
"455","Gubert et al. 2022","Richness","R6/1_Enviromental enrichment ","female",8,7,-0.489952013199857,0.189396555461169,"lnCVR","Gubert"
"456","Gubert et al. 2022","Richness","R6/1_Enviromental enrichment ","female",8,7,-0.730415696242067,0.194077533713702,"lnCVR","Gubert"
"457","Gubert et al. 2022","Richness","R6/1_Enviromental enrichment ","male",8,8,0.297727347569726,0.169590562358285,"lnCVR","Gubert"
"458","Gubert et al. 2022","Richness","R6/1_Enviromental enrichment ","male",8,8,0.0810141690055243,0.170814302583361,"lnCVR","Gubert"
"459","Gubert et al. 2022","Richness","R6/1_Exercise","female",8,8,-0.0699630394405609,0.177171460512851,"lnCVR","Gubert"
"460","Gubert et al. 2022","Richness","R6/1_Exercise","female",8,8,-0.310426722482771,0.181852438765384,"lnCVR","Gubert"
"461","Gubert et al. 2022","Richness","R6/1_Exercise","male",8,8,0.0745687413101611,0.168115451687771,"lnCVR","Gubert"
"462","Gubert et al. 2022","Richness","R6/1_Exercise","male",8,8,-0.14214443725404,0.169339191912847,"lnCVR","Gubert"
"463","Gubert et al. 2022","Richness","WT_Enviromental enrichment ","female",8,8,-0.288434847569846,0.174869534405602,"lnCVR","Gubert"
"464","Gubert et al. 2022","Richness","WT_Enviromental enrichment ","female",8,8,-0.528898530612056,0.179550512658135,"lnCVR","Gubert"
"465","Gubert et al. 2022","Richness","WT_Enviromental enrichment ","male",8,8,0.556093046057697,0.17238025572845,"lnCVR","Gubert"
"466","Gubert et al. 2022","Richness","WT_Enviromental enrichment ","male",8,8,0.339379867493496,0.173603995953526,"lnCVR","Gubert"
"467","Gubert et al. 2022","Richness","WT_Exercise","female",8,8,-0.181113754743788,0.175873346455083,"lnCVR","Gubert"
"468","Gubert et al. 2022","Richness","WT_Exercise","female",8,8,-0.421577437785998,0.180554324707616,"lnCVR","Gubert"
"469","Gubert et al. 2022","Richness","WT_Exercise","male",8,8,0.446012246880809,0.171011236145686,"lnCVR","Gubert"
"470","Gubert et al. 2022","Richness","WT_Exercise","male",8,8,0.229299068316608,0.172234976370762,"lnCVR","Gubert"
"471","Ibrahim et al. 2019","Richness","AOM/DSS","female",4,3,0.360205624440747,0.614184307411711,"lnCVR","Ibrahim"
"472","Ibrahim et al. 2019","Richness","AOM/DSS","female",4,3,0.458549894762422,0.61327275287575,"lnCVR","Ibrahim"
"473","Ibrahim et al. 2019","Richness","AOM/DSS","male",4,7,-0.337148300306539,0.330883593693745,"lnCVR","Ibrahim"
"474","Ibrahim et al. 2019","Richness","AOM/DSS","male",4,7,2.15866927733966,0.322411055797658,"lnCVR","Ibrahim"
"475","Ibrahim et al. 2019","Richness","AOM/DSS-ERbKOVil","female",4,6,0.0529970020518637,0.351587600249639,"lnCVR","Ibrahim"
"476","Ibrahim et al. 2019","Richness","AOM/DSS-ERbKOVil","female",4,6,0.151341272373538,0.350676045713679,"lnCVR","Ibrahim"
"477","Ibrahim et al. 2019","Richness","AOM/DSS-ERbKOVil","male",4,7,-0.829800131481473,0.329057393760484,"lnCVR","Ibrahim"
"478","Ibrahim et al. 2019","Richness","AOM/DSS-ERbKOVil","male",4,7,1.66601744616472,0.320584855864396,"lnCVR","Ibrahim"
"479","Kozik et al. 2019","Richness","Colitis-cecal","female",3,7,-0.564736741280766,0.523763318866906,"lnCVR","Kozik"
"480","Kozik et al. 2019","Richness","Colitis-cecal","female",3,7,-1.00415100604187,0.596056039494877,"lnCVR","Kozik"
"481","Kozik et al. 2019","Richness","Colitis-cecal","female",3,7,0.106499658234255,0.491061870793971,"lnCVR","Kozik"
"482","Kozik et al. 2019","Richness","Colitis-cecal","female",3,7,1.80248621897124,0.480574877919681,"lnCVR","Kozik"
"483","Kozik et al. 2019","Richness","Colitis-cecal","male",2,7,2.10288716383047,1.10031573559869,"lnCVR","Kozik"
"484","Kozik et al. 2019","Richness","Colitis-cecal","male",2,7,-0.0490394007753898,1.10533893818122,"lnCVR","Kozik"
"485","Kozik et al. 2019","Richness","Colitis-cecal","male",2,7,-0.85708067747037,1.12669370933707,"lnCVR","Kozik"
"486","Kozik et al. 2019","Richness","Colitis-colonMucus","female",3,4,-0.453478048121048,0.655714883129138,"lnCVR","Kozik"
"487","Kozik et al. 2019","Richness","Colitis-colonMucus","female",3,4,-0.892892312882151,0.728007603757108,"lnCVR","Kozik"
"488","Kozik et al. 2019","Richness","Colitis-colonMucus","female",3,4,0.217758351393972,0.623013435056203,"lnCVR","Kozik"
"489","Kozik et al. 2019","Richness","Colitis-colonMucus","female",3,4,1.91374491213096,0.612526442181913,"lnCVR","Kozik"
"490","Kozik et al. 2019","Richness","Colitis-colonMucus","male",2,5,2.18249873607784,1.16089814394638,"lnCVR","Kozik"
"491","Kozik et al. 2019","Richness","Colitis-colonMucus","male",2,5,0.0305721714719863,1.16592134652891,"lnCVR","Kozik"
"492","Kozik et al. 2019","Richness","Colitis-colonMucus","male",2,5,-0.777469105222994,1.18727611768476,"lnCVR","Kozik"
"493","Kozik et al. 2019","Richness","Colitis-colonMucus_T0","male",2,1,NA,NA,"lnCVR","Kozik"
"494","Kozik et al. 2019","Richness","Colitis-colonMucus_T0","male",2,1,NA,NA,"lnCVR","Kozik"
"495","Kozik et al. 2019","Richness","Colitis-colonMucus_T0","male",2,1,NA,NA,"lnCVR","Kozik"
"496","Kozik et al. 2019","Richness","Colitis-fecal","female",3,7,-0.352993002273495,0.528056021727155,"lnCVR","Kozik"
"497","Kozik et al. 2019","Richness","Colitis-fecal","female",3,7,-0.792407267034598,0.600348742355126,"lnCVR","Kozik"
"498","Kozik et al. 2019","Richness","Colitis-fecal","female",3,7,0.318243397241526,0.49535457365422,"lnCVR","Kozik"
"499","Kozik et al. 2019","Richness","Colitis-fecal","female",3,7,2.01422995797851,0.48486758077993,"lnCVR","Kozik"
"500","Kozik et al. 2019","Richness","Colitis-fecal","male",2,5,2.89584401291438,1.17581855718006,"lnCVR","Kozik"
"501","Kozik et al. 2019","Richness","Colitis-fecal","male",2,5,0.743917448308526,1.18084175976259,"lnCVR","Kozik"
"502","Kozik et al. 2019","Richness","Colitis-fecal","male",2,5,-0.0641238283864536,1.20219653091844,"lnCVR","Kozik"
"503","Kozik et al. 2019","Richness","Colitis-fecal_T0","female",3,7,-0.364229537289674,0.52777805596239,"lnCVR","Kozik"
"504","Kozik et al. 2019","Richness","Colitis-fecal_T0","female",3,7,-0.803643802050777,0.60007077659036,"lnCVR","Kozik"
"505","Kozik et al. 2019","Richness","Colitis-fecal_T0","female",3,7,0.307006862225346,0.495076607889455,"lnCVR","Kozik"
"506","Kozik et al. 2019","Richness","Colitis-fecal_T0","female",3,7,2.00299342296233,0.484589615015165,"lnCVR","Kozik"
"507","Kozik et al. 2019","Richness","Colitis-fecal_T0","male",2,7,3.14213633534469,1.12226563359974,"lnCVR","Kozik"
"508","Kozik et al. 2019","Richness","Colitis-fecal_T0","male",2,7,0.99020977073883,1.12728883618227,"lnCVR","Kozik"
"509","Kozik et al. 2019","Richness","Colitis-fecal_T0","male",2,7,0.18216849404385,1.14864360733812,"lnCVR","Kozik"
"510","Li et al. 2020","Richness","Chow diet + STZ injection+ Distilled water ","female",NA,1,NA,NA,"lnCVR","Li"
"511","Li et al. 2020","Richness","Chow diet + STZ injection+ Distilled water ","male",NA,5,NA,NA,"lnCVR","Li"
"512","Li et al. 2020","Richness","HFD+ STZ injection + DNJ","female",NA,9,NA,NA,"lnCVR","Li"
"513","Li et al. 2020","Richness","HFD+ STZ injection + DNJ","male",NA,1,NA,NA,"lnCVR","Li"
"514","Li et al. 2020","Richness","HFD+ STZ injection+ Distilled water","female",NA,3,NA,NA,"lnCVR","Li"
"515","Lindheim et al. 2018","Richness","PRJNA445979","female",NA,93,NA,NA,"lnCVR","Lindheim"
"516","Lindheim et al. 2018","Richness","PRJNA445979","male",NA,76,NA,NA,"lnCVR","Lindheim"
"517","Lyte et al. 2022","Richness","beef-chow","female",19,19,0.605010497448555,0.0640434563054754,"lnCVR","Lyte"
"518","Lyte et al. 2022","Richness","beef-chow","male",20,18,0.381243338780691,0.0640600688676905,"lnCVR","Lyte"
"519","Lyte et al. 2022","Richness","beef-chow-stress","female",19,20,0.3089841209676,0.0604470932982714,"lnCVR","Lyte"
"520","Lyte et al. 2022","Richness","beef-chow-stress","male",20,18,-0.381494828235333,0.0611839087621527,"lnCVR","Lyte"
"521","Lyte et al. 2022","Richness","chow-stress","female",19,20,0.249348515035824,0.0602002884811147,"lnCVR","Lyte"
"522","Lyte et al. 2022","Richness","chow-stress","male",20,20,-0.311512543220785,0.0577760218799215,"lnCVR","Lyte"
"523","Pizarro et al. 2021","Richness","Water-T0","female",8,NA,NA,NA,"lnCVR","Pizarro"
"524","Pizarro et al. 2021","Richness","Water-T0","male",10,NA,NA,NA,"lnCVR","Pizarro"
"525","Pizarro et al. 2021","Richness","EtOH-Syn-T1","female",NA,8,NA,NA,"lnCVR","Pizarro"
"526","Pizarro et al. 2021","Richness","EtOH-Syn-T1","male",NA,10,NA,NA,"lnCVR","Pizarro"
"527","Pizarro et al. 2021","Richness","EtOH-T1","female",NA,8,NA,NA,"lnCVR","Pizarro"
"528","Pizarro et al. 2021","Richness","EtOH-T1","male",NA,10,NA,NA,"lnCVR","Pizarro"
"529","Pizarro et al. 2021","Richness","Symbiotic-T0","female",NA,8,NA,NA,"lnCVR","Pizarro"
"530","Pizarro et al. 2021","Richness","Symbiotic-T0","male",NA,10,NA,NA,"lnCVR","Pizarro"
"531","Ramakrishna et al. 2020","Richness","ACV+IVIG-injected","female",3,4,0.536379215466738,0.627452451855914,"lnCVR","Ramakrishna"
"532","Ramakrishna et al. 2020","Richness","ACV+IVIG-injected","male",2,1,NA,NA,"lnCVR","Ramakrishna"
"533","Ramakrishna et al. 2020","Richness","ACV-injected","female",3,2,0.49318071946128,1.40391502331192,"lnCVR","Ramakrishna"
"534","Ramakrishna et al. 2020","Richness","ACV-injected","male",2,3,-0.0842664850325004,1.45352290809328,"lnCVR","Ramakrishna"
"535","Ramakrishna et al. 2020","Richness","HSV1-infected","female",3,5,0.567938782443425,0.559811578350846,"lnCVR","Ramakrishna"
"536","Ramakrishna et al. 2020","Richness","HSV1-infected","male",2,4,-0.925229767962454,1.26895688837537,"lnCVR","Ramakrishna"
"537","Ramakrishna et al. 2020","Richness","HSV1-infected; ACV+IVIG-injected","female",3,3,0.0944424112092834,0.768348613482686,"lnCVR","Ramakrishna"
"538","Ramakrishna et al. 2020","Richness","HSV1-infected; ACV+IVIG-injected","male",2,2,NA,2.0408,"lnCVR","Ramakrishna"
"539","Ramakrishna et al. 2020","Richness","HSV1-infected; ACV-injected","female",3,1,NA,NA,"lnCVR","Ramakrishna"
"540","Ramakrishna et al. 2020","Richness","HSV1-infected; ACV-injected","male",2,1,NA,NA,"lnCVR","Ramakrishna"
"541","Ramakrishna et al. 2020","Richness","HSV1-infected; IVIG-injected","female",3,1,NA,NA,"lnCVR","Ramakrishna"
"542","Ramakrishna et al. 2020","Richness","HSV1-infected; IVIG-injected","male",2,3,-0.725414626505863,1.42585,"lnCVR","Ramakrishna"
"543","Ramakrishna et al. 2020","Richness","IVIG-injected","female",3,5,0.64401257846057,0.563260771685811,"lnCVR","Ramakrishna"
"544","Ramakrishna et al. 2020","Richness","IVIG-injected","male",2,5,-0.920492667340299,1.202253781085,"lnCVR","Ramakrishna"
"545","Son et al. 2019","Richness","IL-10 Knockout ","female",8,8,0.106737516863305,0.17815526661872,"lnCVR","Son"
"546","Son et al. 2019","Richness","IL-10 Knockout ","male",8,8,0.40459679620052,0.180215581602629,"lnCVR","Son"
"547","Song et al. 2020","Richness","AOM/DSS","male",5,12,-0.213295234212241,0.211810081951627,"lnCVR","Song"
"548","Song et al. 2020","Richness","AOM/DSS E2-supplemented","male",5,12,0.237322950914522,0.213926270178284,"lnCVR","Song"
"549","Song et al. 2020","Richness","E2-supplemented","male",5,12,0.383696192281357,0.21514411772743,"lnCVR","Song"
"550","Song et al. 2020","Richness","ovariectomized ","female",11,7,-0.0555307533300344,0.157274830111895,"lnCVR","Song"
"551","Song et al. 2021","Richness","AOM/DSS","female",8,8,-0.272703836659818,0.19639838064941,"lnCVR","Song"
"552","Song et al. 2021","Richness","AOM/DSS","male",8,8,-0.0172317344694053,0.170517181523078,"lnCVR","Song"
"553","Song et al. 2021","Richness","AOM/DSS-Nrf2KO","female",8,8,-1.04254296437079,0.186891868604756,"lnCVR","Song"
"554","Song et al. 2021","Richness","AOM/DSS-Nrf2KO","male",8,8,-0.387359343158873,0.168648898714572,"lnCVR","Song"
"555","Song et al. 2021","Richness","Nrf2KO","female",8,8,-0.65134577063965,0.189942223219402,"lnCVR","Song"
"556","Song et al. 2021","Richness","Nrf2KO","male",8,8,-0.0670462577921425,0.170177666124795,"lnCVR","Song"
"557","Song et al. 2022","Richness","AOM/DSS","female",4,7,-0.666176558990768,0.328649764615959,"lnCVR","Song"
"558","Song et al. 2022","Richness","AOM/DSS","male",4,10,1.93352781585959,0.287186597750851,"lnCVR","Song"
"559","Song et al. 2022","Richness","AOM/DSS_ steroid-injected","female",4,4,-1.18946351344493,0.45298666341094,"lnCVR","Song"
"560","Song et al. 2022","Richness","AOM/DSS_ steroid-injected","male",4,8,1.72148224890462,0.306443560926199,"lnCVR","Song"
"561","Song et al. 2022","Richness","orchiectomized","male",4,4,1.67549409532983,0.448289023525656,"lnCVR","Song"
"562","Song et al. 2022","Richness","orchiectomized_ AOM/DSS","male",4,10,2.00644619177179,0.287676969912791,"lnCVR","Song"
"563","Song et al. 2022","Richness","orchiectomized_ AOM/DSS_ steroid-injected","male",4,6,2.5849201844107,0.360166093843407,"lnCVR","Song"
"564","Sun et al. 2020","Richness","High fat","female",8,7,0.201190415526316,0.181793027675563,"lnCVR","Sun"
"565","Sun et al. 2020","Richness","High fat","male",8,8,-0.542979861460303,0.170394888900566,"lnCVR","Sun"
"566","Sun et al. 2020","Richness","Pomctm1/tm1","female",8,8,0.418784876027486,0.166913193420617,"lnCVR","Sun"
"567","Sun et al. 2020","Richness","Pomctm1/tm1","male",8,8,-0.419453293190233,0.1708988926082,"lnCVR","Sun"
"568","Sun et al. 2020","Richness","Pomctm1/tm1, High fat","female",8,7,0.406822993505159,0.182731954995098,"lnCVR","Sun"
"569","Sun et al. 2020","Richness","Pomctm1/tm1, High fat","male",8,8,0.0747331088825613,0.17480845431899,"lnCVR","Sun"
"570","Tam et al. 2020","Richness","""Smoke exposed, ovariectomy""_cecal","female",10,8,0.0508825912642478,0.146267424660814,"lnCVR","Tam"
"571","Tam et al. 2020","Richness","Smoke exposed_cecal","female",10,10,-0.0879992074478088,0.125738643561458,"lnCVR","Tam"
"572","Tam et al. 2020","Richness","Smoke exposed_cecal","male",10,10,-0.442017544772513,0.12817788698841,"lnCVR","Tam"
"573","Tam et al. 2020","Richness","ovariectomy_cecal","female",10,10,0.108751138097751,0.126241548655065,"lnCVR","Tam"
"574","Tashiro et al. 2020","Richness","Cellulose","female",8,8,-0.948513722874673,0.166477702845827,"lnCVR","Tashiro"
"575","Tashiro et al. 2020","Richness","Cellulose","male",8,8,-0.255049796956298,0.164726545801155,"lnCVR","Tashiro"
"576","Tashiro et al. 2020","Richness","Fiberfree","female",8,8,-0.652645073778278,0.166815259036265,"lnCVR","Tashiro"
"577","Tashiro et al. 2020","Richness","Fiberfree","male",8,8,0.189269023990401,0.165512788376804,"lnCVR","Tashiro"
"578","Tashiro et al. 2020","Richness","Pectin","female",8,8,0.949088545173641,0.18516678394434,"lnCVR","Tashiro"
"579","Tashiro et al. 2020","Richness","Pectin","male",8,8,1.08126890639784,0.172201921412749,"lnCVR","Tashiro"
"580","Velasco et al. 2021","Richness","C57BL/6J","female",4,NA,NA,NA,"lnCVR","Velasco"
"581","Velasco et al. 2021","Richness","C57BL/6J","male",4,NA,NA,NA,"lnCVR","Velasco"
"582","Velasco et al. 2021","Richness","MRL/MpJ","female",NA,4,NA,NA,"lnCVR","Velasco"
"583","Velasco et al. 2021","Richness","MRL/MpJ","male",NA,4,NA,NA,"lnCVR","Velasco"
"584","Weng et al. 2019","Richness","APOE2_APP transgene +","female",NA,11,NA,NA,"lnCVR","Weng"
"585","Weng et al. 2019","Richness","APOE2_APP transgene +","male",NA,6,NA,NA,"lnCVR","Weng"
"586","Weng et al. 2019","Richness","APOE2_APP transgene -","female",NA,18,NA,NA,"lnCVR","Weng"
"587","Weng et al. 2019","Richness","APOE2_APP transgene -","male",NA,16,NA,NA,"lnCVR","Weng"
"588","Weng et al. 2019","Richness","APOE3_APP transgene +","female",NA,21,NA,NA,"lnCVR","Weng"
"589","Weng et al. 2019","Richness","APOE3_APP transgene +","male",NA,13,NA,NA,"lnCVR","Weng"
"590","Weng et al. 2019","Richness","APOE3_APP transgene -","female",NA,15,NA,NA,"lnCVR","Weng"
"591","Weng et al. 2019","Richness","APOE3_APP transgene -","male",NA,20,NA,NA,"lnCVR","Weng"
"592","Weng et al. 2019","Richness","APOE4_APP transgene +","female",NA,24,NA,NA,"lnCVR","Weng"
"593","Weng et al. 2019","Richness","APOE4_APP transgene +","male",NA,19,NA,NA,"lnCVR","Weng"
"594","Weng et al. 2019","Richness","APOE4_APP transgene -","female",NA,24,NA,NA,"lnCVR","Weng"
"595","Weng et al. 2019","Richness","APOE4_APP transgene -","male",NA,32,NA,NA,"lnCVR","Weng"
"596","Wolfe et al. 2020","Richness","Smad3-/-_CRC_SFB+_cecal","female",NA,7,NA,NA,"lnCVR","Wolfe"
"597","Wolfe et al. 2020","Richness","Smad3-/-_CRC_SFB+_cecal","male",NA,1,NA,NA,"lnCVR","Wolfe"
"598","Wolfe et al. 2020","Richness","Smad3-/-_CRC_SFB+_fecal","female",NA,68,NA,NA,"lnCVR","Wolfe"
"599","Wolfe et al. 2020","Richness","Smad3-/-_CRC_SFB+_fecal","male",NA,10,NA,NA,"lnCVR","Wolfe"
"600","Wolfe et al. 2020","Richness","Smad3-/-_CRC_SFB-_cecal","female",NA,7,NA,NA,"lnCVR","Wolfe"
"601","Wolfe et al. 2020","Richness","Smad3-/-_CRC_SFB-_cecal","male",NA,2,NA,NA,"lnCVR","Wolfe"
"602","Wolfe et al. 2020","Richness","Smad3-/-_CRC_SFB-_fecal","female",NA,83,NA,NA,"lnCVR","Wolfe"
"603","Wolfe et al. 2020","Richness","Smad3-/-_CRC_SFB-_fecal","male",NA,34,NA,NA,"lnCVR","Wolfe"
"604","Wolfe et al. 2020","Richness","Smad3-/-_healthy_SFB+_cecal","female",NA,5,NA,NA,"lnCVR","Wolfe"
"605","Wolfe et al. 2020","Richness","Smad3-/-_healthy_SFB+_cecal","male",NA,15,NA,NA,"lnCVR","Wolfe"
"606","Wolfe et al. 2020","Richness","Smad3-/-_healthy_SFB+_fecal","female",NA,49,NA,NA,"lnCVR","Wolfe"
"607","Wolfe et al. 2020","Richness","Smad3-/-_healthy_SFB+_fecal","male",NA,156,NA,NA,"lnCVR","Wolfe"
"608","Wolfe et al. 2020","Richness","Smad3-/-_healthy_SFB-_cecal","female",NA,10,NA,NA,"lnCVR","Wolfe"
"609","Wolfe et al. 2020","Richness","Smad3-/-_healthy_SFB-_cecal","male",NA,15,NA,NA,"lnCVR","Wolfe"
"610","Wolfe et al. 2020","Richness","Smad3-/-_healthy_SFB-_fecal","female",NA,135,NA,NA,"lnCVR","Wolfe"
"611","Wolfe et al. 2020","Richness","Smad3-/-_healthy_SFB-_fecal","male",NA,158,NA,NA,"lnCVR","Wolfe"
"612","Zajac et al. 2022","Richness","APOE2/E2_cecal","female",NA,6,NA,NA,"lnCVR","Zajac"
"613","Zajac et al. 2022","Richness","APOE2/E2_cecal","male",NA,5,NA,NA,"lnCVR","Zajac"
"614","Zajac et al. 2022","Richness","APOE2/E2_fecal","female",NA,21,NA,NA,"lnCVR","Zajac"
"615","Zajac et al. 2022","Richness","APOE2/E2_fecal","male",NA,15,NA,NA,"lnCVR","Zajac"
"616","Zajac et al. 2022","Richness","APOE2/E2_small bowel","female",NA,3,NA,NA,"lnCVR","Zajac"
"617","Zajac et al. 2022","Richness","APOE2/E2_small bowel","male",NA,2,NA,NA,"lnCVR","Zajac"
"618","Zajac et al. 2022","Richness","APOE2/E3_cecal","female",NA,10,NA,NA,"lnCVR","Zajac"
"619","Zajac et al. 2022","Richness","APOE2/E3_cecal","male",NA,7,NA,NA,"lnCVR","Zajac"
"620","Zajac et al. 2022","Richness","APOE2/E3_fecal","female",NA,36,NA,NA,"lnCVR","Zajac"
"621","Zajac et al. 2022","Richness","APOE2/E3_fecal","male",NA,21,NA,NA,"lnCVR","Zajac"
"622","Zajac et al. 2022","Richness","APOE2/E3_small bowel","male",NA,1,NA,NA,"lnCVR","Zajac"
"623","Zajac et al. 2022","Richness","APOE2_fecal","female",NA,7,NA,NA,"lnCVR","Zajac"
"624","Zajac et al. 2022","Richness","APOE2_fecal","male",NA,8,NA,NA,"lnCVR","Zajac"
"625","Zajac et al. 2022","Richness","APOE3/E3_cecal","female",NA,5,NA,NA,"lnCVR","Zajac"
"626","Zajac et al. 2022","Richness","APOE3/E3_cecal","male",NA,13,NA,NA,"lnCVR","Zajac"
"627","Zajac et al. 2022","Richness","APOE3/E3_fecal","female",NA,15,NA,NA,"lnCVR","Zajac"
"628","Zajac et al. 2022","Richness","APOE3/E3_fecal","male",NA,41,NA,NA,"lnCVR","Zajac"
"629","Zajac et al. 2022","Richness","APOE3/E3_small bowel","female",NA,2,NA,NA,"lnCVR","Zajac"
"630","Zajac et al. 2022","Richness","APOE3/E3_small bowel","male",NA,4,NA,NA,"lnCVR","Zajac"
"631","Zajac et al. 2022","Richness","APOE3/E4_cecal","female",NA,8,NA,NA,"lnCVR","Zajac"
"632","Zajac et al. 2022","Richness","APOE3/E4_cecal","male",NA,10,NA,NA,"lnCVR","Zajac"
"633","Zajac et al. 2022","Richness","APOE3/E4_fecal","female",NA,23,NA,NA,"lnCVR","Zajac"
"634","Zajac et al. 2022","Richness","APOE3/E4_fecal","male",NA,32,NA,NA,"lnCVR","Zajac"
"635","Zajac et al. 2022","Richness","APOE3/E4_small bowel","female",NA,1,NA,NA,"lnCVR","Zajac"
"636","Zajac et al. 2022","Richness","APOE3_fecal","female",NA,7,NA,NA,"lnCVR","Zajac"
"637","Zajac et al. 2022","Richness","APOE3_fecal","male",NA,6,NA,NA,"lnCVR","Zajac"
"638","Zajac et al. 2022","Richness","APOE4/E4_cecal","female",NA,4,NA,NA,"lnCVR","Zajac"
"639","Zajac et al. 2022","Richness","APOE4/E4_cecal","male",NA,5,NA,NA,"lnCVR","Zajac"
"640","Zajac et al. 2022","Richness","APOE4/E4_fecal","female",NA,19,NA,NA,"lnCVR","Zajac"
"641","Zajac et al. 2022","Richness","APOE4/E4_fecal","male",NA,15,NA,NA,"lnCVR","Zajac"
"642","Zajac et al. 2022","Richness","APOE4/E4_small bowel","female",NA,3,NA,NA,"lnCVR","Zajac"
"643","Zajac et al. 2022","Richness","APOE4/E4_small bowel","male",NA,3,NA,NA,"lnCVR","Zajac"
"644","Zajac et al. 2022","Richness","APOE4_fecal","female",NA,7,NA,NA,"lnCVR","Zajac"
"645","Zajac et al. 2022","Richness","APOE4_fecal","male",NA,7,NA,NA,"lnCVR","Zajac"
"646","Zou et al. 2021","Richness","Glrx1 KO + High fat chow","female",4,4,0.175428627147137,0.451004442552736,"lnCVR","Zou"
"647","Zou et al. 2021","Richness","Glrx1 KO + High fat chow","male",4,4,0.2536466908473,0.446294100414365,"lnCVR","Zou"
"648","Zou et al. 2021","Richness","Glrx1 KO + Standard chow","female",4,3,-0.0353179557177664,0.602778136550499,"lnCVR","Zou"
"649","Zou et al. 2021","Richness","Glrx1 KO + Standard chow","male",4,2,-0.53755421163607,1.22316040086671,"lnCVR","Zou"
"650","Zou et al. 2021","Richness","High fat chow","female",4,5,0.284195377278293,0.385345524423852,"lnCVR","Zou"
"651","Zou et al. 2021","Richness","High fat chow","male",4,5,0.101880068834917,0.37990786855219,"lnCVR","Zou"
"652","Cheema & Pluznick 2019","Faith's PD","Ang II infusion","female",3,3,-1.8299031805865,0.759817384765041,"lnCVR","Cheema"
"653","Cheema & Pluznick 2019","Faith's PD","Ang II infusion","male",3,3,-0.772690565566075,0.764373264734801,"lnCVR","Cheema"
"654","Ellis et al. 2021","Faith's PD","13C11MK4_cecal","female",7,7,0.14282584457769,0.195076861690588,"lnCVR","Ellis"
"655","Ellis et al. 2021","Faith's PD","13C11MK4_cecal","male",7,7,-1.32268402964709,0.200664513704662,"lnCVR","Ellis"
"656","Ellis et al. 2021","Faith's PD","2H7MK7_cecal","female",7,7,-0.0531372796577169,0.194959737604073,"lnCVR","Ellis"
"657","Ellis et al. 2021","Faith's PD","2H7MK7_cecal","male",7,7,-0.896635615808416,0.201215416857247,"lnCVR","Ellis"
"658","Ellis et al. 2021","Faith's PD","2H7MK9_cecal","female",7,7,0.536421455150178,0.195509676573267,"lnCVR","Ellis"
"659","Ellis et al. 2021","Faith's PD","2H7MK9_cecal","male",7,7,-1.13212591854008,0.200854491052693,"lnCVR","Ellis"
"660","Ellis et al. 2021","Faith's PD","2H7PK_cecal","female",7,7,0.600135662293473,0.195617716756274,"lnCVR","Ellis"
"661","Ellis et al. 2021","Faith's PD","2H7PK_cecal","male",7,7,-0.608393430991249,0.201965950851969,"lnCVR","Ellis"
"662","Ellis et al. 2021","Faith's PD","Combo_cecal","female",7,9,0.893897607559673,0.169122968964002,"lnCVR","Ellis"
"663","Ellis et al. 2021","Faith's PD","Combo_cecal","male",7,10,-1.1228984248005,0.165213045223484,"lnCVR","Ellis"
"664","Ellis et al. 2021","Faith's PD","MK4_cecal","female",7,10,0.72703457604148,0.160082148585593,"lnCVR","Ellis"
"665","Ellis et al. 2021","Faith's PD","MK4_cecal","male",7,10,-0.800325672623548,0.165622749995779,"lnCVR","Ellis"
"666","Ellis et al. 2021","Faith's PD","MK9_cecal","female",7,9,0.889015592346637,0.169110148074842,"lnCVR","Ellis"
"667","Ellis et al. 2021","Faith's PD","MK9_cecal","male",7,9,-0.555026558746508,0.174888554704898,"lnCVR","Ellis"
"668","Ellis et al. 2021","Faith's PD","PK_cecal","female",7,9,0.4682368760847,0.168367542651718,"lnCVR","Ellis"
"669","Ellis et al. 2021","Faith's PD","PK_cecal","male",7,10,0.00557482085521339,0.169100251328875,"lnCVR","Ellis"
"670","Ellis et al. 2021","Faith's PD","VKdef_cecal","female",7,9,0.951081773108939,0.169282886878925,"lnCVR","Ellis"
"671","Ellis et al. 2021","Faith's PD","VKdef_cecal","male",7,8,-0.512914161654651,0.186521546768856,"lnCVR","Ellis"
"672","Gubert et al. 2022","Faith's PD","R6/1_Enviromental enrichment ","female",8,7,-0.548808746958341,0.185323660799472,"lnCVR","Gubert"
"673","Gubert et al. 2022","Faith's PD","R6/1_Enviromental enrichment ","female",8,7,-0.680275991200878,0.186756068708771,"lnCVR","Gubert"
"674","Gubert et al. 2022","Faith's PD","R6/1_Enviromental enrichment ","male",8,8,0.785126244331509,0.166612143671538,"lnCVR","Gubert"
"675","Gubert et al. 2022","Faith's PD","R6/1_Enviromental enrichment ","male",8,8,-0.0876834229767113,0.169343608737856,"lnCVR","Gubert"
"676","Gubert et al. 2022","Faith's PD","R6/1_Exercise","female",8,8,-0.195040988633282,0.171172269503152,"lnCVR","Gubert"
"677","Gubert et al. 2022","Faith's PD","R6/1_Exercise","female",8,8,-0.326508232875818,0.172604677412451,"lnCVR","Gubert"
"678","Gubert et al. 2022","Faith's PD","R6/1_Exercise","male",8,8,0.56323811367532,0.16561598289375,"lnCVR","Gubert"
"679","Gubert et al. 2022","Faith's PD","R6/1_Exercise","male",8,8,-0.3095715536329,0.168347447960068,"lnCVR","Gubert"
"680","Gubert et al. 2022","Faith's PD","WT_Enviromental enrichment ","female",8,8,-0.265271301212849,0.170752814242643,"lnCVR","Gubert"
"681","Gubert et al. 2022","Faith's PD","WT_Enviromental enrichment ","female",8,8,-0.396738545455385,0.172185222151942,"lnCVR","Gubert"
"682","Gubert et al. 2022","Faith's PD","WT_Enviromental enrichment ","male",8,8,0.800900623036124,0.16670137734679,"lnCVR","Gubert"
"683","Gubert et al. 2022","Faith's PD","WT_Enviromental enrichment ","male",8,8,-0.0719090442720967,0.169432842413108,"lnCVR","Gubert"
"684","Gubert et al. 2022","Faith's PD","WT_Exercise","female",8,8,-0.094469784372182,0.171886640684085,"lnCVR","Gubert"
"685","Gubert et al. 2022","Faith's PD","WT_Exercise","female",8,8,-0.225937028614718,0.173319048593384,"lnCVR","Gubert"
"686","Gubert et al. 2022","Faith's PD","WT_Exercise","male",8,8,0.575086607436132,0.165658687242018,"lnCVR","Gubert"
"687","Gubert et al. 2022","Faith's PD","WT_Exercise","male",8,8,-0.297723059872088,0.168390152308336,"lnCVR","Gubert"
"688","Ibrahim et al. 2019","Faith's PD","AOM/DSS","female",4,3,-0.484356441674495,0.604399796642642,"lnCVR","Ibrahim"
"689","Ibrahim et al. 2019","Faith's PD","AOM/DSS","female",4,3,-0.226736506334641,0.602364824835769,"lnCVR","Ibrahim"
"690","Ibrahim et al. 2019","Faith's PD","AOM/DSS","male",4,7,0.682445224368588,0.326319121854437,"lnCVR","Ibrahim"
"691","Ibrahim et al. 2019","Faith's PD","AOM/DSS","male",4,7,0.403817435615492,0.327728813371378,"lnCVR","Ibrahim"
"692","Ibrahim et al. 2019","Faith's PD","AOM/DSS-ERbKOVil","female",4,6,-0.0228789380030607,0.350907356179948,"lnCVR","Ibrahim"
"693","Ibrahim et al. 2019","Faith's PD","AOM/DSS-ERbKOVil","female",4,6,0.234740997336794,0.348872384373075,"lnCVR","Ibrahim"
"694","Ibrahim et al. 2019","Faith's PD","AOM/DSS-ERbKOVil","male",4,7,-0.0408083371920418,0.322493976191543,"lnCVR","Ibrahim"
"695","Ibrahim et al. 2019","Faith's PD","AOM/DSS-ERbKOVil","male",4,7,-0.319436125945138,0.323903667708484,"lnCVR","Ibrahim"
"696","Kozik et al. 2019","Faith's PD","Colitis-cecal","female",3,7,-0.677597282925476,0.508612935422033,"lnCVR","Kozik"
"697","Kozik et al. 2019","Faith's PD","Colitis-cecal","female",3,7,-0.823185761552582,0.520026752688307,"lnCVR","Kozik"
"698","Kozik et al. 2019","Faith's PD","Colitis-cecal","female",3,7,3.68900815963634,0.476925636142602,"lnCVR","Kozik"
"699","Kozik et al. 2019","Faith's PD","Colitis-cecal","female",3,7,-0.0810364372849614,0.486221905519742,"lnCVR","Kozik"
"700","Kozik et al. 2019","Faith's PD","Colitis-cecal","male",2,7,0.0731551690337632,1.10159996505232,"lnCVR","Kozik"
"701","Kozik et al. 2019","Faith's PD","Colitis-cecal","male",2,7,0.979498346817524,1.09951770385445,"lnCVR","Kozik"
"702","Kozik et al. 2019","Faith's PD","Colitis-cecal","male",2,7,0.786410874290496,1.0997085959232,"lnCVR","Kozik"
"703","Kozik et al. 2019","Faith's PD","Colitis-colonMucus","female",3,4,-0.485077994388643,0.639229313295868,"lnCVR","Kozik"
"704","Kozik et al. 2019","Faith's PD","Colitis-colonMucus","female",3,4,-0.63066647301575,0.650643130562142,"lnCVR","Kozik"
"705","Kozik et al. 2019","Faith's PD","Colitis-colonMucus","female",3,4,3.88152744817317,0.607542014016437,"lnCVR","Kozik"
"706","Kozik et al. 2019","Faith's PD","Colitis-colonMucus","female",3,4,0.111482851251871,0.616838283393577,"lnCVR","Kozik"
"707","Kozik et al. 2019","Faith's PD","Colitis-colonMucus","male",2,5,0.0937685948196242,1.16127739987945,"lnCVR","Kozik"
"708","Kozik et al. 2019","Faith's PD","Colitis-colonMucus","male",2,5,1.00011177260339,1.15919513868158,"lnCVR","Kozik"
"709","Kozik et al. 2019","Faith's PD","Colitis-colonMucus","male",2,5,0.807024300076357,1.15938603075032,"lnCVR","Kozik"
"710","Kozik et al. 2019","Faith's PD","Colitis-colonMucus_T0","male",2,1,NA,NA,"lnCVR","Kozik"
"711","Kozik et al. 2019","Faith's PD","Colitis-colonMucus_T0","male",2,1,NA,NA,"lnCVR","Kozik"
"712","Kozik et al. 2019","Faith's PD","Colitis-colonMucus_T0","male",2,1,NA,NA,"lnCVR","Kozik"
"713","Kozik et al. 2019","Faith's PD","Colitis-fecal","female",3,7,-0.409675149576281,0.511984089097265,"lnCVR","Kozik"
"714","Kozik et al. 2019","Faith's PD","Colitis-fecal","female",3,7,-0.555263628203388,0.523397906363538,"lnCVR","Kozik"
"715","Kozik et al. 2019","Faith's PD","Colitis-fecal","female",3,7,3.95693029298554,0.480296789817833,"lnCVR","Kozik"
"716","Kozik et al. 2019","Faith's PD","Colitis-fecal","female",3,7,0.186885696064233,0.489593059194973,"lnCVR","Kozik"
"717","Kozik et al. 2019","Faith's PD","Colitis-fecal","male",2,5,0.531744769211079,1.16486984835611,"lnCVR","Kozik"
"718","Kozik et al. 2019","Faith's PD","Colitis-fecal","male",2,5,1.43808794699484,1.16278758715824,"lnCVR","Kozik"
"719","Kozik et al. 2019","Faith's PD","Colitis-fecal","male",2,5,1.24500047446781,1.16297847922698,"lnCVR","Kozik"
"720","Kozik et al. 2019","Faith's PD","Colitis-fecal_T0","female",3,7,-1.10380160579965,0.505909714828648,"lnCVR","Kozik"
"721","Kozik et al. 2019","Faith's PD","Colitis-fecal_T0","female",3,7,-1.24939008442675,0.517323532094921,"lnCVR","Kozik"
"722","Kozik et al. 2019","Faith's PD","Colitis-fecal_T0","female",3,7,3.26280383676217,0.474222415549216,"lnCVR","Kozik"
"723","Kozik et al. 2019","Faith's PD","Colitis-fecal_T0","female",3,7,-0.507240760159132,0.483518684926356,"lnCVR","Kozik"
"724","Kozik et al. 2019","Faith's PD","Colitis-fecal_T0","male",2,7,0.7009843688756,1.10639393103715,"lnCVR","Kozik"
"725","Kozik et al. 2019","Faith's PD","Colitis-fecal_T0","male",2,7,1.60732754665936,1.10431166983928,"lnCVR","Kozik"
"726","Kozik et al. 2019","Faith's PD","Colitis-fecal_T0","male",2,7,1.41424007413233,1.10450256190802,"lnCVR","Kozik"
"727","Li et al. 2020","Faith's PD","Chow diet + STZ injection+ Distilled water ","female",NA,1,NA,NA,"lnCVR","Li"
"728","Li et al. 2020","Faith's PD","Chow diet + STZ injection+ Distilled water ","male",NA,5,NA,NA,"lnCVR","Li"
"729","Li et al. 2020","Faith's PD","HFD+ STZ injection + DNJ","female",NA,9,NA,NA,"lnCVR","Li"
"730","Li et al. 2020","Faith's PD","HFD+ STZ injection + DNJ","male",NA,1,NA,NA,"lnCVR","Li"
"731","Li et al. 2020","Faith's PD","HFD+ STZ injection+ Distilled water","female",NA,3,NA,NA,"lnCVR","Li"
"732","Lindheim et al. 2018","Faith's PD","PRJNA445979","female",NA,93,NA,NA,"lnCVR","Lindheim"
"733","Lindheim et al. 2018","Faith's PD","PRJNA445979","male",NA,76,NA,NA,"lnCVR","Lindheim"
"734","Lyte et al. 2022","Faith's PD","beef-chow","female",19,19,0.353277455805453,0.0610110357736329,"lnCVR","Lyte"
"735","Lyte et al. 2022","Faith's PD","beef-chow","male",20,18,0.315899511800095,0.0608153338166724,"lnCVR","Lyte"
"736","Lyte et al. 2022","Faith's PD","beef-chow-stress","female",19,20,0.103636492489648,0.0587207104174335,"lnCVR","Lyte"
"737","Lyte et al. 2022","Faith's PD","beef-chow-stress","male",20,18,-0.441806493503085,0.0597755334635921,"lnCVR","Lyte"
"738","Lyte et al. 2022","Faith's PD","chow-stress","female",19,20,0.129488794481438,0.0587694347796684,"lnCVR","Lyte"
"739","Lyte et al. 2022","Faith's PD","chow-stress","male",20,20,0.0246437879265194,0.0567153071715883,"lnCVR","Lyte"
"740","Pizarro et al. 2021","Faith's PD","Water-T0","female",8,NA,NA,NA,"lnCVR","Pizarro"
"741","Pizarro et al. 2021","Faith's PD","Water-T0","male",10,NA,NA,NA,"lnCVR","Pizarro"
"742","Pizarro et al. 2021","Faith's PD","EtOH-Syn-T1","female",NA,8,NA,NA,"lnCVR","Pizarro"
"743","Pizarro et al. 2021","Faith's PD","EtOH-Syn-T1","male",NA,10,NA,NA,"lnCVR","Pizarro"
"744","Pizarro et al. 2021","Faith's PD","EtOH-T1","female",NA,8,NA,NA,"lnCVR","Pizarro"
"745","Pizarro et al. 2021","Faith's PD","EtOH-T1","male",NA,10,NA,NA,"lnCVR","Pizarro"
"746","Pizarro et al. 2021","Faith's PD","Symbiotic-T0","female",NA,8,NA,NA,"lnCVR","Pizarro"
"747","Pizarro et al. 2021","Faith's PD","Symbiotic-T0","male",NA,10,NA,NA,"lnCVR","Pizarro"
"748","Ramakrishna et al. 2020","Faith's PD","ACV+IVIG-injected","female",3,4,NA,NA,"lnCVR","Ramakrishna"
"749","Ramakrishna et al. 2020","Faith's PD","ACV+IVIG-injected","male",2,1,NA,NA,"lnCVR","Ramakrishna"
"750","Ramakrishna et al. 2020","Faith's PD","ACV-injected","female",3,2,NA,NA,"lnCVR","Ramakrishna"
"751","Ramakrishna et al. 2020","Faith's PD","ACV-injected","male",2,3,NA,NA,"lnCVR","Ramakrishna"
"752","Ramakrishna et al. 2020","Faith's PD","HSV1-infected","female",3,5,NA,NA,"lnCVR","Ramakrishna"
"753","Ramakrishna et al. 2020","Faith's PD","HSV1-infected","male",2,4,NA,NA,"lnCVR","Ramakrishna"
"754","Ramakrishna et al. 2020","Faith's PD","HSV1-infected; ACV+IVIG-injected","female",3,3,NA,NA,"lnCVR","Ramakrishna"
"755","Ramakrishna et al. 2020","Faith's PD","HSV1-infected; ACV+IVIG-injected","male",2,2,NA,NA,"lnCVR","Ramakrishna"
"756","Ramakrishna et al. 2020","Faith's PD","HSV1-infected; ACV-injected","female",3,1,NA,NA,"lnCVR","Ramakrishna"
"757","Ramakrishna et al. 2020","Faith's PD","HSV1-infected; ACV-injected","male",2,1,NA,NA,"lnCVR","Ramakrishna"
"758","Ramakrishna et al. 2020","Faith's PD","HSV1-infected; IVIG-injected","female",3,1,NA,NA,"lnCVR","Ramakrishna"
"759","Ramakrishna et al. 2020","Faith's PD","HSV1-infected; IVIG-injected","male",2,3,NA,1.3846029474926,"lnCVR","Ramakrishna"
"760","Ramakrishna et al. 2020","Faith's PD","IVIG-injected","female",3,5,NA,NA,"lnCVR","Ramakrishna"
"761","Ramakrishna et al. 2020","Faith's PD","IVIG-injected","male",2,5,NA,NA,"lnCVR","Ramakrishna"
"762","Son et al. 2019","Faith's PD","IL-10 Knockout ","female",8,8,0.0970227933614321,0.172102379862013,"lnCVR","Son"
"763","Son et al. 2019","Faith's PD","IL-10 Knockout ","male",8,8,0.0335172071374035,0.169070782154947,"lnCVR","Son"
"764","Song et al. 2020","Faith's PD","AOM/DSS","male",5,12,0.0627484948189726,0.207556410519209,"lnCVR","Song"
"765","Song et al. 2020","Faith's PD","AOM/DSS E2-supplemented","male",5,12,0.630931444251279,0.208856127705462,"lnCVR","Song"
"766","Song et al. 2020","Faith's PD","E2-supplemented","male",5,12,0.728147261648592,0.209267990911504,"lnCVR","Song"
"767","Song et al. 2020","Faith's PD","ovariectomized ","female",11,7,-0.0927463800126406,0.15512231469093,"lnCVR","Song"
"768","Song et al. 2021","Faith's PD","AOM/DSS","female",8,8,-0.309802121372875,0.17590000763833,"lnCVR","Song"
"769","Song et al. 2021","Faith's PD","AOM/DSS","male",8,8,0.0122359709599994,0.166304879128341,"lnCVR","Song"
"770","Song et al. 2021","Faith's PD","AOM/DSS-Nrf2KO","female",8,8,-0.595998042353568,0.173973420010575,"lnCVR","Song"
"771","Song et al. 2021","Faith's PD","AOM/DSS-Nrf2KO","male",8,8,-0.460297162604195,0.165363526829943,"lnCVR","Song"
"772","Song et al. 2021","Faith's PD","Nrf2KO","female",8,8,-0.593102922836485,0.173987861190102,"lnCVR","Song"
"773","Song et al. 2021","Faith's PD","Nrf2KO","male",8,8,0.179817380857559,0.16691940979171,"lnCVR","Song"
"774","Song et al. 2022","Faith's PD","AOM/DSS","female",4,7,0.0102268691634455,0.324505972525527,"lnCVR","Song"
"775","Song et al. 2022","Faith's PD","AOM/DSS","male",4,10,1.16472798619219,0.285542581768617,"lnCVR","Song"
"776","Song et al. 2022","Faith's PD","AOM/DSS_ steroid-injected","female",4,4,-1.34558265160624,0.44764534298729,"lnCVR","Song"
"777","Song et al. 2022","Faith's PD","AOM/DSS_ steroid-injected","male",4,8,1.45912430710799,0.307028801649895,"lnCVR","Song"
"778","Song et al. 2022","Faith's PD","orchiectomized","male",4,4,1.29260926522706,0.448160023368176,"lnCVR","Song"
"779","Song et al. 2022","Faith's PD","orchiectomized_ AOM/DSS","male",4,10,1.14214100524325,0.285483606611689,"lnCVR","Song"
"780","Song et al. 2022","Faith's PD","orchiectomized_ AOM/DSS_ steroid-injected","male",4,6,1.81653737713183,0.35003513114637,"lnCVR","Song"
"781","Sun et al. 2020","Faith's PD","High fat","female",8,7,-0.183214245527159,0.18080614304593,"lnCVR","Sun"
"782","Sun et al. 2020","Faith's PD","High fat","male",8,8,-0.0301337230668737,0.170432484969848,"lnCVR","Sun"
"783","Sun et al. 2020","Faith's PD","Pomctm1/tm1","female",8,8,-0.434777117021097,0.164826421489802,"lnCVR","Sun"
"784","Sun et al. 2020","Faith's PD","Pomctm1/tm1","male",8,8,-0.305285541025018,0.16895733768912,"lnCVR","Sun"
"785","Sun et al. 2020","Faith's PD","Pomctm1/tm1, High fat","female",8,7,0.371782161036354,0.182543909742225,"lnCVR","Sun"
"786","Sun et al. 2020","Faith's PD","Pomctm1/tm1, High fat","male",8,8,0.142893717474646,0.171879975773148,"lnCVR","Sun"
"787","Tam et al. 2020","Faith's PD","""Smoke exposed, ovariectomy""_cecal","female",10,8,0.0331259736126293,0.145214954711645,"lnCVR","Tam"
"788","Tam et al. 2020","Faith's PD","Smoke exposed_cecal","female",10,10,-0.492838856587852,0.124566140349173,"lnCVR","Tam"
"789","Tam et al. 2020","Faith's PD","Smoke exposed_cecal","male",10,10,-0.847673603994673,0.12664223995379,"lnCVR","Tam"
"790","Tam et al. 2020","Faith's PD","ovariectomy_cecal","female",10,10,0.0937477638842106,0.125239735404815,"lnCVR","Tam"
"791","Tashiro et al. 2020","Faith's PD","Cellulose","female",8,8,-0.849920833213866,0.164685996679585,"lnCVR","Tashiro"
"792","Tashiro et al. 2020","Faith's PD","Cellulose","male",8,8,-0.517264302342779,0.164170286022614,"lnCVR","Tashiro"
"793","Tashiro et al. 2020","Faith's PD","Fiberfree","female",8,8,-0.744013606885324,0.164737731907478,"lnCVR","Tashiro"
"794","Tashiro et al. 2020","Faith's PD","Fiberfree","male",8,8,-0.32844882184653,0.164279166108777,"lnCVR","Tashiro"
"795","Tashiro et al. 2020","Faith's PD","Pectin","female",8,8,0.806942524522409,0.170545118912446,"lnCVR","Tashiro"
"796","Tashiro et al. 2020","Faith's PD","Pectin","male",8,8,0.905150344264788,0.168035922760986,"lnCVR","Tashiro"
"797","Velasco et al. 2021","Faith's PD","C57BL/6J","female",4,NA,NA,NA,"lnCVR","Velasco"
"798","Velasco et al. 2021","Faith's PD","C57BL/6J","male",4,NA,NA,NA,"lnCVR","Velasco"
"799","Velasco et al. 2021","Faith's PD","MRL/MpJ","female",NA,4,NA,NA,"lnCVR","Velasco"
"800","Velasco et al. 2021","Faith's PD","MRL/MpJ","male",NA,4,NA,NA,"lnCVR","Velasco"
"801","Weng et al. 2019","Faith's PD","APOE2_APP transgene +","female",NA,11,NA,NA,"lnCVR","Weng"
"802","Weng et al. 2019","Faith's PD","APOE2_APP transgene +","male",NA,6,NA,NA,"lnCVR","Weng"
"803","Weng et al. 2019","Faith's PD","APOE2_APP transgene -","female",NA,18,NA,NA,"lnCVR","Weng"
"804","Weng et al. 2019","Faith's PD","APOE2_APP transgene -","male",NA,16,NA,NA,"lnCVR","Weng"
"805","Weng et al. 2019","Faith's PD","APOE3_APP transgene +","female",NA,21,NA,NA,"lnCVR","Weng"
"806","Weng et al. 2019","Faith's PD","APOE3_APP transgene +","male",NA,13,NA,NA,"lnCVR","Weng"
"807","Weng et al. 2019","Faith's PD","APOE3_APP transgene -","female",NA,15,NA,NA,"lnCVR","Weng"
"808","Weng et al. 2019","Faith's PD","APOE3_APP transgene -","male",NA,20,NA,NA,"lnCVR","Weng"
"809","Weng et al. 2019","Faith's PD","APOE4_APP transgene +","female",NA,24,NA,NA,"lnCVR","Weng"
"810","Weng et al. 2019","Faith's PD","APOE4_APP transgene +","male",NA,19,NA,NA,"lnCVR","Weng"
"811","Weng et al. 2019","Faith's PD","APOE4_APP transgene -","female",NA,24,NA,NA,"lnCVR","Weng"
"812","Weng et al. 2019","Faith's PD","APOE4_APP transgene -","male",NA,32,NA,NA,"lnCVR","Weng"
"813","Wolfe et al. 2020","Faith's PD","Smad3-/-_CRC_SFB+_cecal","female",NA,7,NA,NA,"lnCVR","Wolfe"
"814","Wolfe et al. 2020","Faith's PD","Smad3-/-_CRC_SFB+_cecal","male",NA,1,NA,NA,"lnCVR","Wolfe"
"815","Wolfe et al. 2020","Faith's PD","Smad3-/-_CRC_SFB+_fecal","female",NA,68,NA,NA,"lnCVR","Wolfe"
"816","Wolfe et al. 2020","Faith's PD","Smad3-/-_CRC_SFB+_fecal","male",NA,10,NA,NA,"lnCVR","Wolfe"
"817","Wolfe et al. 2020","Faith's PD","Smad3-/-_CRC_SFB-_cecal","female",NA,7,NA,NA,"lnCVR","Wolfe"
"818","Wolfe et al. 2020","Faith's PD","Smad3-/-_CRC_SFB-_cecal","male",NA,2,NA,NA,"lnCVR","Wolfe"
"819","Wolfe et al. 2020","Faith's PD","Smad3-/-_CRC_SFB-_fecal","female",NA,83,NA,NA,"lnCVR","Wolfe"
"820","Wolfe et al. 2020","Faith's PD","Smad3-/-_CRC_SFB-_fecal","male",NA,34,NA,NA,"lnCVR","Wolfe"
"821","Wolfe et al. 2020","Faith's PD","Smad3-/-_healthy_SFB+_cecal","female",NA,5,NA,NA,"lnCVR","Wolfe"
"822","Wolfe et al. 2020","Faith's PD","Smad3-/-_healthy_SFB+_cecal","male",NA,15,NA,NA,"lnCVR","Wolfe"
"823","Wolfe et al. 2020","Faith's PD","Smad3-/-_healthy_SFB+_fecal","female",NA,49,NA,NA,"lnCVR","Wolfe"
"824","Wolfe et al. 2020","Faith's PD","Smad3-/-_healthy_SFB+_fecal","male",NA,156,NA,NA,"lnCVR","Wolfe"
"825","Wolfe et al. 2020","Faith's PD","Smad3-/-_healthy_SFB-_cecal","female",NA,10,NA,NA,"lnCVR","Wolfe"
"826","Wolfe et al. 2020","Faith's PD","Smad3-/-_healthy_SFB-_cecal","male",NA,15,NA,NA,"lnCVR","Wolfe"
"827","Wolfe et al. 2020","Faith's PD","Smad3-/-_healthy_SFB-_fecal","female",NA,135,NA,NA,"lnCVR","Wolfe"
"828","Wolfe et al. 2020","Faith's PD","Smad3-/-_healthy_SFB-_fecal","male",NA,158,NA,NA,"lnCVR","Wolfe"
"829","Zajac et al. 2022","Faith's PD","APOE2/E2_cecal","female",NA,6,NA,NA,"lnCVR","Zajac"
"830","Zajac et al. 2022","Faith's PD","APOE2/E2_cecal","male",NA,5,NA,NA,"lnCVR","Zajac"
"831","Zajac et al. 2022","Faith's PD","APOE2/E2_fecal","female",NA,21,NA,NA,"lnCVR","Zajac"
"832","Zajac et al. 2022","Faith's PD","APOE2/E2_fecal","male",NA,15,NA,NA,"lnCVR","Zajac"
"833","Zajac et al. 2022","Faith's PD","APOE2/E2_small bowel","female",NA,3,NA,NA,"lnCVR","Zajac"
"834","Zajac et al. 2022","Faith's PD","APOE2/E2_small bowel","male",NA,2,NA,NA,"lnCVR","Zajac"
"835","Zajac et al. 2022","Faith's PD","APOE2/E3_cecal","female",NA,10,NA,NA,"lnCVR","Zajac"
"836","Zajac et al. 2022","Faith's PD","APOE2/E3_cecal","male",NA,7,NA,NA,"lnCVR","Zajac"
"837","Zajac et al. 2022","Faith's PD","APOE2/E3_fecal","female",NA,36,NA,NA,"lnCVR","Zajac"
"838","Zajac et al. 2022","Faith's PD","APOE2/E3_fecal","male",NA,21,NA,NA,"lnCVR","Zajac"
"839","Zajac et al. 2022","Faith's PD","APOE2/E3_small bowel","male",NA,1,NA,NA,"lnCVR","Zajac"
"840","Zajac et al. 2022","Faith's PD","APOE2_fecal","female",NA,7,NA,NA,"lnCVR","Zajac"
"841","Zajac et al. 2022","Faith's PD","APOE2_fecal","male",NA,8,NA,NA,"lnCVR","Zajac"
"842","Zajac et al. 2022","Faith's PD","APOE3/E3_cecal","female",NA,5,NA,NA,"lnCVR","Zajac"
"843","Zajac et al. 2022","Faith's PD","APOE3/E3_cecal","male",NA,13,NA,NA,"lnCVR","Zajac"
"844","Zajac et al. 2022","Faith's PD","APOE3/E3_fecal","female",NA,15,NA,NA,"lnCVR","Zajac"
"845","Zajac et al. 2022","Faith's PD","APOE3/E3_fecal","male",NA,41,NA,NA,"lnCVR","Zajac"
"846","Zajac et al. 2022","Faith's PD","APOE3/E3_small bowel","female",NA,2,NA,NA,"lnCVR","Zajac"
"847","Zajac et al. 2022","Faith's PD","APOE3/E3_small bowel","male",NA,4,NA,NA,"lnCVR","Zajac"
"848","Zajac et al. 2022","Faith's PD","APOE3/E4_cecal","female",NA,8,NA,NA,"lnCVR","Zajac"
"849","Zajac et al. 2022","Faith's PD","APOE3/E4_cecal","male",NA,10,NA,NA,"lnCVR","Zajac"
"850","Zajac et al. 2022","Faith's PD","APOE3/E4_fecal","female",NA,23,NA,NA,"lnCVR","Zajac"
"851","Zajac et al. 2022","Faith's PD","APOE3/E4_fecal","male",NA,32,NA,NA,"lnCVR","Zajac"
"852","Zajac et al. 2022","Faith's PD","APOE3/E4_small bowel","female",NA,1,NA,NA,"lnCVR","Zajac"
"853","Zajac et al. 2022","Faith's PD","APOE3_fecal","female",NA,7,NA,NA,"lnCVR","Zajac"
"854","Zajac et al. 2022","Faith's PD","APOE3_fecal","male",NA,6,NA,NA,"lnCVR","Zajac"
"855","Zajac et al. 2022","Faith's PD","APOE4/E4_cecal","female",NA,4,NA,NA,"lnCVR","Zajac"
"856","Zajac et al. 2022","Faith's PD","APOE4/E4_cecal","male",NA,5,NA,NA,"lnCVR","Zajac"
"857","Zajac et al. 2022","Faith's PD","APOE4/E4_fecal","female",NA,19,NA,NA,"lnCVR","Zajac"
"858","Zajac et al. 2022","Faith's PD","APOE4/E4_fecal","male",NA,15,NA,NA,"lnCVR","Zajac"
"859","Zajac et al. 2022","Faith's PD","APOE4/E4_small bowel","female",NA,3,NA,NA,"lnCVR","Zajac"
"860","Zajac et al. 2022","Faith's PD","APOE4/E4_small bowel","male",NA,3,NA,NA,"lnCVR","Zajac"
"861","Zajac et al. 2022","Faith's PD","APOE4_fecal","female",NA,7,NA,NA,"lnCVR","Zajac"
"862","Zajac et al. 2022","Faith's PD","APOE4_fecal","male",NA,7,NA,NA,"lnCVR","Zajac"
"863","Zou et al. 2021","Faith's PD","Glrx1 KO + High fat chow","female",4,4,0.00972416298940751,0.449184616027128,"lnCVR","Zou"
"864","Zou et al. 2021","Faith's PD","Glrx1 KO + High fat chow","male",4,4,0.200266466845921,0.445262562086554,"lnCVR","Zou"
"865","Zou et al. 2021","Faith's PD","Glrx1 KO + Standard chow","female",4,3,-0.182505307812315,0.60140659910992,"lnCVR","Zou"
"866","Zou et al. 2021","Faith's PD","Glrx1 KO + Standard chow","male",4,2,-0.890983791455827,1.2226070824648,"lnCVR","Zou"
"867","Zou et al. 2021","Faith's PD","High fat chow","female",4,5,0.166744826287854,0.383669845197793,"lnCVR","Zou"
"868","Zou et al. 2021","Faith's PD","High fat chow","male",4,5,-0.185074822831364,0.378997423272908,"lnCVR","Zou"
"869","Cheema & Pluznick 2019","Shannon","Ang II infusion","female",3,3,-0.898088384163248,0.767160201859909,"lnCVR","Cheema"
"870","Cheema & Pluznick 2019","Shannon","Ang II infusion","male",3,3,-0.742863898316895,0.771441910380237,"lnCVR","Cheema"
"871","Ellis et al. 2021","Shannon","13C11MK4_cecal","female",7,7,0.195434749255252,0.194707641573056,"lnCVR","Ellis"
"872","Ellis et al. 2021","Shannon","13C11MK4_cecal","male",7,7,-0.170582485247881,0.196017729072997,"lnCVR","Ellis"
"873","Ellis et al. 2021","Shannon","2H7MK7_cecal","female",7,7,0.331155487420447,0.194756617733962,"lnCVR","Ellis"
"874","Ellis et al. 2021","Shannon","2H7MK7_cecal","male",7,7,-0.561254092960517,0.195663187976978,"lnCVR","Ellis"
"875","Ellis et al. 2021","Shannon","2H7MK9_cecal","female",7,7,0.443653347187765,0.194808609157473,"lnCVR","Ellis"
"876","Ellis et al. 2021","Shannon","2H7MK9_cecal","male",7,7,-0.798802291217181,0.195550063983665,"lnCVR","Ellis"
"877","Ellis et al. 2021","Shannon","2H7PK_cecal","female",7,7,0.414185947294679,0.194793839842269,"lnCVR","Ellis"
"878","Ellis et al. 2021","Shannon","2H7PK_cecal","male",7,7,-0.0389669331585643,0.196214793844079,"lnCVR","Ellis"
"879","Ellis et al. 2021","Shannon","Combo_cecal","female",7,9,0.110800241950876,0.167748394034448,"lnCVR","Ellis"
"880","Ellis et al. 2021","Shannon","Combo_cecal","male",7,10,-0.568574648053314,0.160088362319116,"lnCVR","Ellis"
"881","Ellis et al. 2021","Shannon","MK4_cecal","female",7,10,0.13000917613248,0.159158734936014,"lnCVR","Ellis"
"882","Ellis et al. 2021","Shannon","MK4_cecal","male",7,10,-0.719270355138748,0.160031609521841,"lnCVR","Ellis"
"883","Ellis et al. 2021","Shannon","MK9_cecal","female",7,9,-0.336403449466379,0.167684856282396,"lnCVR","Ellis"
"884","Ellis et al. 2021","Shannon","MK9_cecal","male",7,9,-0.542142316482297,0.16870633715735,"lnCVR","Ellis"
"885","Ellis et al. 2021","Shannon","PK_cecal","female",7,9,-0.0366924845504042,0.167720935565547,"lnCVR","Ellis"
"886","Ellis et al. 2021","Shannon","PK_cecal","male",7,10,-0.434936670049188,0.160155201442563,"lnCVR","Ellis"
"887","Ellis et al. 2021","Shannon","VKdef_cecal","female",7,9,-0.0409629900386972,0.167720254977089,"lnCVR","Ellis"
"888","Ellis et al. 2021","Shannon","VKdef_cecal","male",7,8,-0.831350562297207,0.179930667387214,"lnCVR","Ellis"
"889","Gubert et al. 2022","Shannon","R6/1_Enviromental enrichment ","female",8,7,-0.157666699580748,0.185937430321337,"lnCVR","Gubert"
"890","Gubert et al. 2022","Shannon","R6/1_Enviromental enrichment ","female",8,7,-0.379228081368487,0.188135231431961,"lnCVR","Gubert"
"891","Gubert et al. 2022","Shannon","R6/1_Enviromental enrichment ","male",8,8,-0.0880195889108558,0.167629946203488,"lnCVR","Gubert"
"892","Gubert et al. 2022","Shannon","R6/1_Enviromental enrichment ","male",8,8,-0.484661664598132,0.170527426926812,"lnCVR","Gubert"
"893","Gubert et al. 2022","Shannon","R6/1_Exercise","female",8,8,-0.0527003492536614,0.170684451871908,"lnCVR","Gubert"
"894","Gubert et al. 2022","Shannon","R6/1_Exercise","female",8,8,-0.2742617310414,0.172882252982531,"lnCVR","Gubert"
"895","Gubert et al. 2022","Shannon","R6/1_Exercise","male",8,8,-0.676507015677606,0.166251946351279,"lnCVR","Gubert"
"896","Gubert et al. 2022","Shannon","R6/1_Exercise","male",8,8,-1.07314909136488,0.169149427074604,"lnCVR","Gubert"
"897","Gubert et al. 2022","Shannon","WT_Enviromental enrichment ","female",8,8,-0.109924716586761,0.170302742584142,"lnCVR","Gubert"
"898","Gubert et al. 2022","Shannon","WT_Enviromental enrichment ","female",8,8,-0.3314860983745,0.172500543694766,"lnCVR","Gubert"
"899","Gubert et al. 2022","Shannon","WT_Enviromental enrichment ","male",8,8,0.30724654631789,0.170043015969916,"lnCVR","Gubert"
"900","Gubert et al. 2022","Shannon","WT_Enviromental enrichment ","male",8,8,-0.0893955293693866,0.17294049669324,"lnCVR","Gubert"
"901","Gubert et al. 2022","Shannon","WT_Exercise","female",8,8,-0.527721101733989,0.168525530494367,"lnCVR","Gubert"
"902","Gubert et al. 2022","Shannon","WT_Exercise","female",8,8,-0.749282483521727,0.170723331604991,"lnCVR","Gubert"
"903","Gubert et al. 2022","Shannon","WT_Exercise","male",8,8,-0.0511218945300783,0.167782851654076,"lnCVR","Gubert"
"904","Gubert et al. 2022","Shannon","WT_Exercise","male",8,8,-0.447763970217355,0.170680332377401,"lnCVR","Gubert"
"905","Ibrahim et al. 2019","Shannon","AOM/DSS","female",4,3,1.36425452613976,0.602656636992869,"lnCVR","Ibrahim"
"906","Ibrahim et al. 2019","Shannon","AOM/DSS","female",4,3,0.514058182188263,0.603981487591803,"lnCVR","Ibrahim"
"907","Ibrahim et al. 2019","Shannon","AOM/DSS","male",4,7,-0.624187952229477,0.324871550119492,"lnCVR","Ibrahim"
"908","Ibrahim et al. 2019","Shannon","AOM/DSS","male",4,7,0.979657368556085,0.320504001286757,"lnCVR","Ibrahim"
"909","Ibrahim et al. 2019","Shannon","AOM/DSS-ERbKOVil","female",4,6,0.882841052545033,0.343834283635381,"lnCVR","Ibrahim"
"910","Ibrahim et al. 2019","Shannon","AOM/DSS-ERbKOVil","female",4,6,0.0326447085935398,0.345159134234314,"lnCVR","Ibrahim"
"911","Ibrahim et al. 2019","Shannon","AOM/DSS-ERbKOVil","male",4,7,-1.08500527974288,0.32434339014182,"lnCVR","Ibrahim"
"912","Ibrahim et al. 2019","Shannon","AOM/DSS-ERbKOVil","male",4,7,0.518840041042682,0.319975841309085,"lnCVR","Ibrahim"
"913","Kozik et al. 2019","Shannon","Colitis-cecal","female",3,7,0.612633060400063,0.475266691543095,"lnCVR","Kozik"
"914","Kozik et al. 2019","Shannon","Colitis-cecal","female",3,7,-1.54187913046079,0.55812784074818,"lnCVR","Kozik"
"915","Kozik et al. 2019","Shannon","Colitis-cecal","female",3,7,-1.22248332807923,0.516002899260628,"lnCVR","Kozik"
"916","Kozik et al. 2019","Shannon","Colitis-cecal","female",3,7,-0.14470819473854,0.478844527852489,"lnCVR","Kozik"
"917","Kozik et al. 2019","Shannon","Colitis-cecal","male",2,7,0.30076002891192,1.09864304983157,"lnCVR","Kozik"
"918","Kozik et al. 2019","Shannon","Colitis-cecal","male",2,7,-0.230821118178573,1.09987069722539,"lnCVR","Kozik"
"919","Kozik et al. 2019","Shannon","Colitis-cecal","male",2,7,-0.0208394259545681,1.09922703665957,"lnCVR","Kozik"
"920","Kozik et al. 2019","Shannon","Colitis-colonMucus","female",3,4,1.10619524858811,0.6064196848291,"lnCVR","Kozik"
"921","Kozik et al. 2019","Shannon","Colitis-colonMucus","female",3,4,-1.04831694227275,0.689280834034184,"lnCVR","Kozik"
"922","Kozik et al. 2019","Shannon","Colitis-colonMucus","female",3,4,-0.728921139891183,0.647155892546632,"lnCVR","Kozik"
"923","Kozik et al. 2019","Shannon","Colitis-colonMucus","female",3,4,0.348853993449506,0.609997521138494,"lnCVR","Kozik"
"924","Kozik et al. 2019","Shannon","Colitis-colonMucus","male",2,5,0.490215088388389,1.15835544224922,"lnCVR","Kozik"
"925","Kozik et al. 2019","Shannon","Colitis-colonMucus","male",2,5,-0.0413660587021033,1.15958308964305,"lnCVR","Kozik"
"926","Kozik et al. 2019","Shannon","Colitis-colonMucus","male",2,5,0.168615633521901,1.15893942907722,"lnCVR","Kozik"
"927","Kozik et al. 2019","Shannon","Colitis-colonMucus_T0","male",2,1,NA,NA,"lnCVR","Kozik"
"928","Kozik et al. 2019","Shannon","Colitis-colonMucus_T0","male",2,1,NA,NA,"lnCVR","Kozik"
"929","Kozik et al. 2019","Shannon","Colitis-colonMucus_T0","male",2,1,NA,NA,"lnCVR","Kozik"
"930","Kozik et al. 2019","Shannon","Colitis-fecal","female",3,7,0.910780184229736,0.476941760381955,"lnCVR","Kozik"
"931","Kozik et al. 2019","Shannon","Colitis-fecal","female",3,7,-1.24373200663112,0.55980290958704,"lnCVR","Kozik"
"932","Kozik et al. 2019","Shannon","Colitis-fecal","female",3,7,-0.924336204249556,0.517677968099487,"lnCVR","Kozik"
"933","Kozik et al. 2019","Shannon","Colitis-fecal","female",3,7,0.153438929091133,0.480519596691349,"lnCVR","Kozik"
"934","Kozik et al. 2019","Shannon","Colitis-fecal","male",2,5,1.12959019132869,1.16216889584008,"lnCVR","Kozik"
"935","Kozik et al. 2019","Shannon","Colitis-fecal","male",2,5,0.598009044238196,1.16339654323391,"lnCVR","Kozik"
"936","Kozik et al. 2019","Shannon","Colitis-fecal","male",2,5,0.807990736462201,1.16275288266809,"lnCVR","Kozik"
"937","Kozik et al. 2019","Shannon","Colitis-fecal_T0","female",3,7,0.740043577146535,0.475861963492068,"lnCVR","Kozik"
"938","Kozik et al. 2019","Shannon","Colitis-fecal_T0","female",3,7,-1.41446861371432,0.558723112697153,"lnCVR","Kozik"
"939","Kozik et al. 2019","Shannon","Colitis-fecal_T0","female",3,7,-1.09507281133276,0.5165981712096,"lnCVR","Kozik"
"940","Kozik et al. 2019","Shannon","Colitis-fecal_T0","female",3,7,-0.017297677992068,0.479439799801462,"lnCVR","Kozik"
"941","Kozik et al. 2019","Shannon","Colitis-fecal_T0","male",2,7,1.4468693987795,1.10561825006215,"lnCVR","Kozik"
"942","Kozik et al. 2019","Shannon","Colitis-fecal_T0","male",2,7,0.915288251689012,1.10684589745598,"lnCVR","Kozik"
"943","Kozik et al. 2019","Shannon","Colitis-fecal_T0","male",2,7,1.12526994391302,1.10620223689016,"lnCVR","Kozik"
"944","Li et al. 2020","Shannon","Chow diet + STZ injection+ Distilled water ","female",NA,1,NA,NA,"lnCVR","Li"
"945","Li et al. 2020","Shannon","Chow diet + STZ injection+ Distilled water ","male",NA,5,NA,NA,"lnCVR","Li"
"946","Li et al. 2020","Shannon","HFD+ STZ injection + DNJ","female",NA,9,NA,NA,"lnCVR","Li"
"947","Li et al. 2020","Shannon","HFD+ STZ injection + DNJ","male",NA,1,NA,NA,"lnCVR","Li"
"948","Li et al. 2020","Shannon","HFD+ STZ injection+ Distilled water","female",NA,3,NA,NA,"lnCVR","Li"
"949","Lindheim et al. 2018","Shannon","PRJNA445979","female",NA,93,NA,NA,"lnCVR","Lindheim"
"950","Lindheim et al. 2018","Shannon","PRJNA445979","male",NA,76,NA,NA,"lnCVR","Lindheim"
"951","Lyte et al. 2022","Shannon","beef-chow","female",19,19,0.563727766393645,0.0597399058424433,"lnCVR","Lyte"
"952","Lyte et al. 2022","Shannon","beef-chow","male",20,18,-0.37691721080365,0.0604594845479717,"lnCVR","Lyte"
"953","Lyte et al. 2022","Shannon","beef-chow-stress","female",19,20,0.294580587277319,0.0577513397440823,"lnCVR","Lyte"
"954","Lyte et al. 2022","Shannon","beef-chow-stress","male",20,18,-0.670087467912157,0.0602142323596789,"lnCVR","Lyte"
"955","Lyte et al. 2022","Shannon","chow-stress","female",19,20,0.314793653186942,0.0577703760052461,"lnCVR","Lyte"
"956","Lyte et al. 2022","Shannon","chow-stress","male",20,20,-0.476895573683555,0.056875503300681,"lnCVR","Lyte"
"957","Pizarro et al. 2021","Shannon","Water-T0","female",8,NA,NA,NA,"lnCVR","Pizarro"
"958","Pizarro et al. 2021","Shannon","Water-T0","male",10,NA,NA,NA,"lnCVR","Pizarro"
"959","Pizarro et al. 2021","Shannon","EtOH-Syn-T1","female",NA,8,NA,NA,"lnCVR","Pizarro"
"960","Pizarro et al. 2021","Shannon","EtOH-Syn-T1","male",NA,10,NA,NA,"lnCVR","Pizarro"
"961","Pizarro et al. 2021","Shannon","EtOH-T1","female",NA,8,NA,NA,"lnCVR","Pizarro"
"962","Pizarro et al. 2021","Shannon","EtOH-T1","male",NA,10,NA,NA,"lnCVR","Pizarro"
"963","Pizarro et al. 2021","Shannon","Symbiotic-T0","female",NA,8,NA,NA,"lnCVR","Pizarro"
"964","Pizarro et al. 2021","Shannon","Symbiotic-T0","male",NA,10,NA,NA,"lnCVR","Pizarro"
"965","Ramakrishna et al. 2020","Shannon","ACV+IVIG-injected","female",3,4,0.43843141885391,0.629151133188213,"lnCVR","Ramakrishna"
"966","Ramakrishna et al. 2020","Shannon","ACV+IVIG-injected","male",2,1,NA,NA,"lnCVR","Ramakrishna"
"967","Ramakrishna et al. 2020","Shannon","ACV-injected","female",3,2,0.87582348536811,1.44163151547278,"lnCVR","Ramakrishna"
"968","Ramakrishna et al. 2020","Shannon","ACV-injected","male",2,3,0.37453844532595,1.4571889077536,"lnCVR","Ramakrishna"
"969","Ramakrishna et al. 2020","Shannon","HSV1-infected","female",3,5,0.394667786477261,0.558620600376119,"lnCVR","Ramakrishna"
"970","Ramakrishna et al. 2020","Shannon","HSV1-infected","male",2,4,-0.533189469686148,1.253915732043,"lnCVR","Ramakrishna"
"971","Ramakrishna et al. 2020","Shannon","HSV1-infected; ACV+IVIG-injected","female",3,3,-1.30753385827865,0.760810419530409,"lnCVR","Ramakrishna"
"972","Ramakrishna et al. 2020","Shannon","HSV1-infected; ACV+IVIG-injected","male",2,2,-1.94576280072088,2.02434685857581,"lnCVR","Ramakrishna"
"973","Ramakrishna et al. 2020","Shannon","HSV1-infected; ACV-injected","female",3,1,NA,NA,"lnCVR","Ramakrishna"
"974","Ramakrishna et al. 2020","Shannon","HSV1-infected; ACV-injected","male",2,1,NA,NA,"lnCVR","Ramakrishna"
"975","Ramakrishna et al. 2020","Shannon","HSV1-infected; IVIG-injected","female",3,1,NA,NA,"lnCVR","Ramakrishna"
"976","Ramakrishna et al. 2020","Shannon","HSV1-infected; IVIG-injected","male",2,3,-0.450833344546543,1.40931961081815,"lnCVR","Ramakrishna"
"977","Ramakrishna et al. 2020","Shannon","IVIG-injected","female",3,5,0.671344500182475,0.571989918409767,"lnCVR","Ramakrishna"
"978","Ramakrishna et al. 2020","Shannon","IVIG-injected","male",2,5,-1.0049900048644,1.18275137156204,"lnCVR","Ramakrishna"
"979","Son et al. 2019","Shannon","IL-10 Knockout ","female",8,8,-0.743868182254051,0.180337215927651,"lnCVR","Son"
"980","Son et al. 2019","Shannon","IL-10 Knockout ","male",8,8,1.56844731790523,0.175596261311398,"lnCVR","Son"
"981","Song et al. 2020","Shannon","AOM/DSS","male",5,12,-0.451737777224246,0.208732863389535,"lnCVR","Song"
"982","Song et al. 2020","Shannon","AOM/DSS E2-supplemented","male",5,12,0.134309891580903,0.209799213080983,"lnCVR","Song"
"983","Song et al. 2020","Shannon","E2-supplemented","male",5,12,0.0288634426001746,0.209505145573556,"lnCVR","Song"
"984","Song et al. 2020","Shannon","ovariectomized ","female",11,7,-0.0637571630229721,0.153332595009757,"lnCVR","Song"
"985","Song et al. 2021","Shannon","AOM/DSS","female",8,8,-0.355053894500016,0.198550139802295,"lnCVR","Song"
"986","Song et al. 2021","Shannon","AOM/DSS","male",8,8,0.97490735273552,0.171245841669727,"lnCVR","Song"
"987","Song et al. 2021","Shannon","AOM/DSS-Nrf2KO","female",8,8,-0.463947257328856,0.196270663189677,"lnCVR","Song"
"988","Song et al. 2021","Shannon","AOM/DSS-Nrf2KO","male",8,8,0.971728292338251,0.171201049907211,"lnCVR","Song"
"989","Song et al. 2021","Shannon","Nrf2KO","female",8,8,-0.748383181314965,0.192244374218024,"lnCVR","Song"
"990","Song et al. 2021","Shannon","Nrf2KO","male",8,8,0.726799824555718,0.168492507401774,"lnCVR","Song"
"991","Song et al. 2022","Shannon","AOM/DSS","female",4,7,1.00154267996166,0.32890599908704,"lnCVR","Song"
"992","Song et al. 2022","Shannon","AOM/DSS","male",4,10,0.127558026156084,0.291356750724616,"lnCVR","Song"
"993","Song et al. 2022","Shannon","AOM/DSS_ steroid-injected","female",4,4,1.09379054543444,0.460210046853128,"lnCVR","Song"
"994","Song et al. 2022","Shannon","AOM/DSS_ steroid-injected","male",4,8,0.112404051943126,0.311770300385138,"lnCVR","Song"
"995","Song et al. 2022","Shannon","orchiectomized","male",4,4,-0.038818189672056,0.453120124684374,"lnCVR","Song"
"996","Song et al. 2022","Shannon","orchiectomized_ AOM/DSS","male",4,10,0.365488629093634,0.293135748296653,"lnCVR","Song"
"997","Song et al. 2022","Shannon","orchiectomized_ AOM/DSS_ steroid-injected","male",4,6,0.248796829556249,0.352386272557596,"lnCVR","Song"
"998","Sun et al. 2020","Shannon","High fat","female",8,7,-0.132409814452369,0.179399059808553,"lnCVR","Sun"
"999","Sun et al. 2020","Shannon","High fat","male",8,8,-0.280050713054767,0.164467646859347,"lnCVR","Sun"
"1000","Sun et al. 2020","Shannon","Pomctm1/tm1","female",8,8,0.226958806233388,0.164020151466222,"lnCVR","Sun"
"1001","Sun et al. 2020","Shannon","Pomctm1/tm1","male",8,8,0.287016267091504,0.165390812178669,"lnCVR","Sun"
"1002","Sun et al. 2020","Shannon","Pomctm1/tm1, High fat","female",8,7,0.109951005827554,0.179555725915621,"lnCVR","Sun"
"1003","Sun et al. 2020","Shannon","Pomctm1/tm1, High fat","male",8,8,0.632223310128218,0.166749015074765,"lnCVR","Sun"
"1004","Tam et al. 2020","Shannon","""Smoke exposed, ovariectomy""_cecal","female",10,8,0.146388695316088,0.144949659963436,"lnCVR","Tam"
"1005","Tam et al. 2020","Shannon","Smoke exposed_cecal","female",10,10,-0.15558544968011,0.124505717734937,"lnCVR","Tam"
"1006","Tam et al. 2020","Shannon","Smoke exposed_cecal","male",10,10,0.497761959366082,0.124720200972075,"lnCVR","Tam"
"1007","Tam et al. 2020","Shannon","ovariectomy_cecal","female",10,10,0.250559879169061,0.125062228258508,"lnCVR","Tam"
"1008","Tashiro et al. 2020","Shannon","Cellulose","female",8,8,-0.610714990646297,0.178466449837316,"lnCVR","Tashiro"
"1009","Tashiro et al. 2020","Shannon","Cellulose","male",8,8,-0.240141214499443,0.174718032709895,"lnCVR","Tashiro"
"1010","Tashiro et al. 2020","Shannon","Fiberfree","female",8,8,-0.846182317952463,0.177174820429013,"lnCVR","Tashiro"
"1011","Tashiro et al. 2020","Shannon","Fiberfree","male",8,8,-1.46210962402167,0.170728727575192,"lnCVR","Tashiro"
"1012","Tashiro et al. 2020","Shannon","Pectin","female",8,8,-0.279639300880321,0.181717519383021,"lnCVR","Tashiro"
"1013","Tashiro et al. 2020","Shannon","Pectin","male",8,8,0.102940862563606,0.179079865715475,"lnCVR","Tashiro"
"1014","Velasco et al. 2021","Shannon","C57BL/6J","female",4,NA,NA,NA,"lnCVR","Velasco"
"1015","Velasco et al. 2021","Shannon","C57BL/6J","male",4,NA,NA,NA,"lnCVR","Velasco"
"1016","Velasco et al. 2021","Shannon","MRL/MpJ","female",NA,4,NA,NA,"lnCVR","Velasco"
"1017","Velasco et al. 2021","Shannon","MRL/MpJ","male",NA,4,NA,NA,"lnCVR","Velasco"
"1018","Weng et al. 2019","Shannon","APOE2_APP transgene +","female",NA,11,NA,NA,"lnCVR","Weng"
"1019","Weng et al. 2019","Shannon","APOE2_APP transgene +","male",NA,6,NA,NA,"lnCVR","Weng"
"1020","Weng et al. 2019","Shannon","APOE2_APP transgene -","female",NA,18,NA,NA,"lnCVR","Weng"
"1021","Weng et al. 2019","Shannon","APOE2_APP transgene -","male",NA,16,NA,NA,"lnCVR","Weng"
"1022","Weng et al. 2019","Shannon","APOE3_APP transgene +","female",NA,21,NA,NA,"lnCVR","Weng"
"1023","Weng et al. 2019","Shannon","APOE3_APP transgene +","male",NA,13,NA,NA,"lnCVR","Weng"
"1024","Weng et al. 2019","Shannon","APOE3_APP transgene -","female",NA,15,NA,NA,"lnCVR","Weng"
"1025","Weng et al. 2019","Shannon","APOE3_APP transgene -","male",NA,20,NA,NA,"lnCVR","Weng"
"1026","Weng et al. 2019","Shannon","APOE4_APP transgene +","female",NA,24,NA,NA,"lnCVR","Weng"
"1027","Weng et al. 2019","Shannon","APOE4_APP transgene +","male",NA,19,NA,NA,"lnCVR","Weng"
"1028","Weng et al. 2019","Shannon","APOE4_APP transgene -","female",NA,24,NA,NA,"lnCVR","Weng"
"1029","Weng et al. 2019","Shannon","APOE4_APP transgene -","male",NA,32,NA,NA,"lnCVR","Weng"
"1030","Wolfe et al. 2020","Shannon","Smad3-/-_CRC_SFB+_cecal","female",NA,7,NA,NA,"lnCVR","Wolfe"
"1031","Wolfe et al. 2020","Shannon","Smad3-/-_CRC_SFB+_cecal","male",NA,1,NA,NA,"lnCVR","Wolfe"
"1032","Wolfe et al. 2020","Shannon","Smad3-/-_CRC_SFB+_fecal","female",NA,68,NA,NA,"lnCVR","Wolfe"
"1033","Wolfe et al. 2020","Shannon","Smad3-/-_CRC_SFB+_fecal","male",NA,10,NA,NA,"lnCVR","Wolfe"
"1034","Wolfe et al. 2020","Shannon","Smad3-/-_CRC_SFB-_cecal","female",NA,7,NA,NA,"lnCVR","Wolfe"
"1035","Wolfe et al. 2020","Shannon","Smad3-/-_CRC_SFB-_cecal","male",NA,2,NA,NA,"lnCVR","Wolfe"
"1036","Wolfe et al. 2020","Shannon","Smad3-/-_CRC_SFB-_fecal","female",NA,83,NA,NA,"lnCVR","Wolfe"
"1037","Wolfe et al. 2020","Shannon","Smad3-/-_CRC_SFB-_fecal","male",NA,34,NA,NA,"lnCVR","Wolfe"
"1038","Wolfe et al. 2020","Shannon","Smad3-/-_healthy_SFB+_cecal","female",NA,5,NA,NA,"lnCVR","Wolfe"
"1039","Wolfe et al. 2020","Shannon","Smad3-/-_healthy_SFB+_cecal","male",NA,15,NA,NA,"lnCVR","Wolfe"
"1040","Wolfe et al. 2020","Shannon","Smad3-/-_healthy_SFB+_fecal","female",NA,49,NA,NA,"lnCVR","Wolfe"
"1041","Wolfe et al. 2020","Shannon","Smad3-/-_healthy_SFB+_fecal","male",NA,156,NA,NA,"lnCVR","Wolfe"
"1042","Wolfe et al. 2020","Shannon","Smad3-/-_healthy_SFB-_cecal","female",NA,10,NA,NA,"lnCVR","Wolfe"
"1043","Wolfe et al. 2020","Shannon","Smad3-/-_healthy_SFB-_cecal","male",NA,15,NA,NA,"lnCVR","Wolfe"
"1044","Wolfe et al. 2020","Shannon","Smad3-/-_healthy_SFB-_fecal","female",NA,135,NA,NA,"lnCVR","Wolfe"
"1045","Wolfe et al. 2020","Shannon","Smad3-/-_healthy_SFB-_fecal","male",NA,158,NA,NA,"lnCVR","Wolfe"
"1046","Zajac et al. 2022","Shannon","APOE2/E2_cecal","female",NA,6,NA,NA,"lnCVR","Zajac"
"1047","Zajac et al. 2022","Shannon","APOE2/E2_cecal","male",NA,5,NA,NA,"lnCVR","Zajac"
"1048","Zajac et al. 2022","Shannon","APOE2/E2_fecal","female",NA,21,NA,NA,"lnCVR","Zajac"
"1049","Zajac et al. 2022","Shannon","APOE2/E2_fecal","male",NA,15,NA,NA,"lnCVR","Zajac"
"1050","Zajac et al. 2022","Shannon","APOE2/E2_small bowel","female",NA,3,NA,NA,"lnCVR","Zajac"
"1051","Zajac et al. 2022","Shannon","APOE2/E2_small bowel","male",NA,2,NA,NA,"lnCVR","Zajac"
"1052","Zajac et al. 2022","Shannon","APOE2/E3_cecal","female",NA,10,NA,NA,"lnCVR","Zajac"
"1053","Zajac et al. 2022","Shannon","APOE2/E3_cecal","male",NA,7,NA,NA,"lnCVR","Zajac"
"1054","Zajac et al. 2022","Shannon","APOE2/E3_fecal","female",NA,36,NA,NA,"lnCVR","Zajac"
"1055","Zajac et al. 2022","Shannon","APOE2/E3_fecal","male",NA,21,NA,NA,"lnCVR","Zajac"
"1056","Zajac et al. 2022","Shannon","APOE2/E3_small bowel","male",NA,1,NA,NA,"lnCVR","Zajac"
"1057","Zajac et al. 2022","Shannon","APOE2_fecal","female",NA,7,NA,NA,"lnCVR","Zajac"
"1058","Zajac et al. 2022","Shannon","APOE2_fecal","male",NA,8,NA,NA,"lnCVR","Zajac"
"1059","Zajac et al. 2022","Shannon","APOE3/E3_cecal","female",NA,5,NA,NA,"lnCVR","Zajac"
"1060","Zajac et al. 2022","Shannon","APOE3/E3_cecal","male",NA,13,NA,NA,"lnCVR","Zajac"
"1061","Zajac et al. 2022","Shannon","APOE3/E3_fecal","female",NA,15,NA,NA,"lnCVR","Zajac"
"1062","Zajac et al. 2022","Shannon","APOE3/E3_fecal","male",NA,41,NA,NA,"lnCVR","Zajac"
"1063","Zajac et al. 2022","Shannon","APOE3/E3_small bowel","female",NA,2,NA,NA,"lnCVR","Zajac"
"1064","Zajac et al. 2022","Shannon","APOE3/E3_small bowel","male",NA,4,NA,NA,"lnCVR","Zajac"
"1065","Zajac et al. 2022","Shannon","APOE3/E4_cecal","female",NA,8,NA,NA,"lnCVR","Zajac"
"1066","Zajac et al. 2022","Shannon","APOE3/E4_cecal","male",NA,10,NA,NA,"lnCVR","Zajac"
"1067","Zajac et al. 2022","Shannon","APOE3/E4_fecal","female",NA,23,NA,NA,"lnCVR","Zajac"
"1068","Zajac et al. 2022","Shannon","APOE3/E4_fecal","male",NA,32,NA,NA,"lnCVR","Zajac"
"1069","Zajac et al. 2022","Shannon","APOE3/E4_small bowel","female",NA,1,NA,NA,"lnCVR","Zajac"
"1070","Zajac et al. 2022","Shannon","APOE3_fecal","female",NA,7,NA,NA,"lnCVR","Zajac"
"1071","Zajac et al. 2022","Shannon","APOE3_fecal","male",NA,6,NA,NA,"lnCVR","Zajac"
"1072","Zajac et al. 2022","Shannon","APOE4/E4_cecal","female",NA,4,NA,NA,"lnCVR","Zajac"
"1073","Zajac et al. 2022","Shannon","APOE4/E4_cecal","male",NA,5,NA,NA,"lnCVR","Zajac"
"1074","Zajac et al. 2022","Shannon","APOE4/E4_fecal","female",NA,19,NA,NA,"lnCVR","Zajac"
"1075","Zajac et al. 2022","Shannon","APOE4/E4_fecal","male",NA,15,NA,NA,"lnCVR","Zajac"
"1076","Zajac et al. 2022","Shannon","APOE4/E4_small bowel","female",NA,3,NA,NA,"lnCVR","Zajac"
"1077","Zajac et al. 2022","Shannon","APOE4/E4_small bowel","male",NA,3,NA,NA,"lnCVR","Zajac"
"1078","Zajac et al. 2022","Shannon","APOE4_fecal","female",NA,7,NA,NA,"lnCVR","Zajac"
"1079","Zajac et al. 2022","Shannon","APOE4_fecal","male",NA,7,NA,NA,"lnCVR","Zajac"
"1080","Zou et al. 2021","Shannon","Glrx1 KO + High fat chow","female",4,4,-1.01097974912042,0.448554099996817,"lnCVR","Zou"
"1081","Zou et al. 2021","Shannon","Glrx1 KO + High fat chow","male",4,4,1.09864333413422,0.44661621919257,"lnCVR","Zou"
"1082","Zou et al. 2021","Shannon","Glrx1 KO + Standard chow","female",4,3,-0.427569342064953,0.602591153884988,"lnCVR","Zou"
"1083","Zou et al. 2021","Shannon","Glrx1 KO + Standard chow","male",4,2,0.146629890609272,1.22273720226624,"lnCVR","Zou"
"1084","Zou et al. 2021","Shannon","High fat chow","female",4,5,-1.03525298915374,0.382499681646567,"lnCVR","Zou"
"1085","Zou et al. 2021","Shannon","High fat chow","male",4,5,0.724575662900518,0.379492023873375,"lnCVR","Zou"
"1086","Cheema & Pluznick 2019","Simpson","Ang II infusion","female",3,3,-0.218808323970541,0.751201956601348,"lnCVR","Cheema"
"1087","Cheema & Pluznick 2019","Simpson","Ang II infusion","male",3,3,-0.983640893762721,0.751240430870706,"lnCVR","Cheema"
"1088","Ellis et al. 2021","Simpson","13C11MK4_cecal","female",7,7,0.493464944934449,0.194456965944927,"lnCVR","Ellis"
"1089","Ellis et al. 2021","Simpson","13C11MK4_cecal","male",7,7,0.160923786033932,0.194561808875923,"lnCVR","Ellis"
"1090","Ellis et al. 2021","Simpson","2H7MK7_cecal","female",7,7,0.660810983661502,0.194460591980221,"lnCVR","Ellis"
"1091","Ellis et al. 2021","Simpson","2H7MK7_cecal","male",7,7,-0.46088789829296,0.19451338188096,"lnCVR","Ellis"
"1092","Ellis et al. 2021","Simpson","2H7MK9_cecal","female",7,7,0.831342927216922,0.194465773347532,"lnCVR","Ellis"
"1093","Ellis et al. 2021","Simpson","2H7MK9_cecal","male",7,7,-1.25279406641144,0.194497788668457,"lnCVR","Ellis"
"1094","Ellis et al. 2021","Simpson","2H7PK_cecal","female",7,7,0.638793693849048,0.194460042808891,"lnCVR","Ellis"
"1095","Ellis et al. 2021","Simpson","2H7PK_cecal","male",7,7,0.44024786282685,0.194612737069843,"lnCVR","Ellis"
"1096","Ellis et al. 2021","Simpson","Combo_cecal","female",7,9,-0.283111062376172,0.167539686960929,"lnCVR","Ellis"
"1097","Ellis et al. 2021","Simpson","Combo_cecal","male",7,10,-0.82583491270503,0.15900693280135,"lnCVR","Ellis"
"1098","Ellis et al. 2021","Simpson","MK4_cecal","female",7,10,-0.280501221997404,0.158955452700896,"lnCVR","Ellis"
"1099","Ellis et al. 2021","Simpson","MK4_cecal","male",7,10,-1.18198913232551,0.159003367993401,"lnCVR","Ellis"
"1100","Ellis et al. 2021","Simpson","MK9_cecal","female",7,9,-0.476086120382204,0.167539185874621,"lnCVR","Ellis"
"1101","Ellis et al. 2021","Simpson","MK9_cecal","male",7,9,-1.35922921897005,0.16758667923274,"lnCVR","Ellis"
"1102","Ellis et al. 2021","Simpson","PK_cecal","female",7,9,-0.00220781331365993,0.167540866673791,"lnCVR","Ellis"
"1103","Ellis et al. 2021","Simpson","PK_cecal","male",7,10,-0.90158318547714,0.159005949189947,"lnCVR","Ellis"
"1104","Ellis et al. 2021","Simpson","VKdef_cecal","female",7,9,-0.597805917976486,0.167538956004994,"lnCVR","Ellis"
"1105","Ellis et al. 2021","Simpson","VKdef_cecal","male",7,8,-1.46390209748328,0.178906558845665,"lnCVR","Ellis"
"1106","Gubert et al. 2022","Simpson","R6/1_Enviromental enrichment ","female",8,7,-0.361802628155577,0.180215284761507,"lnCVR","Gubert"
"1107","Gubert et al. 2022","Simpson","R6/1_Enviromental enrichment ","female",8,7,-0.415623614986294,0.180315768641773,"lnCVR","Gubert"
"1108","Gubert et al. 2022","Simpson","R6/1_Enviromental enrichment ","male",8,8,0.308989178400317,0.164287831586987,"lnCVR","Gubert"
"1109","Gubert et al. 2022","Simpson","R6/1_Enviromental enrichment ","male",8,8,-0.716030183094025,0.166721160393393,"lnCVR","Gubert"
"1110","Gubert et al. 2022","Simpson","R6/1_Exercise","female",8,8,0.031269439984794,0.165088077474964,"lnCVR","Gubert"
"1111","Gubert et al. 2022","Simpson","R6/1_Exercise","female",8,8,-0.0225515468459227,0.16518856135523,"lnCVR","Gubert"
"1112","Gubert et al. 2022","Simpson","R6/1_Exercise","male",8,8,-0.593549746938012,0.163732524036205,"lnCVR","Gubert"
"1113","Gubert et al. 2022","Simpson","R6/1_Exercise","male",8,8,-1.61856910843235,0.166165852842611,"lnCVR","Gubert"
"1114","Gubert et al. 2022","Simpson","WT_Enviromental enrichment ","female",8,8,0.109517016529387,0.165247566336253,"lnCVR","Gubert"
"1115","Gubert et al. 2022","Simpson","WT_Enviromental enrichment ","female",8,8,0.0556960296986706,0.16534805021652,"lnCVR","Gubert"
"1116","Gubert et al. 2022","Simpson","WT_Enviromental enrichment ","male",8,8,0.609687446056791,0.164836820769567,"lnCVR","Gubert"
"1117","Gubert et al. 2022","Simpson","WT_Enviromental enrichment ","male",8,8,-0.415331915437551,0.167270149575973,"lnCVR","Gubert"
"1118","Gubert et al. 2022","Simpson","WT_Exercise","female",8,8,-0.606198677709877,0.164410554810427,"lnCVR","Gubert"
"1119","Gubert et al. 2022","Simpson","WT_Exercise","female",8,8,-0.660019664540594,0.164511038690694,"lnCVR","Gubert"
"1120","Gubert et al. 2022","Simpson","WT_Exercise","male",8,8,0.00609103119356751,0.163985744306216,"lnCVR","Gubert"
"1121","Gubert et al. 2022","Simpson","WT_Exercise","male",8,8,-1.01892833030078,0.166419073112622,"lnCVR","Gubert"
"1122","Ibrahim et al. 2019","Simpson","AOM/DSS","female",4,3,1.44060528502084,0.597556103222028,"lnCVR","Ibrahim"
"1123","Ibrahim et al. 2019","Simpson","AOM/DSS","female",4,3,0.827359740646703,0.597594158484854,"lnCVR","Ibrahim"
"1124","Ibrahim et al. 2019","Simpson","AOM/DSS","male",4,7,-0.600240197443383,0.319736369161122,"lnCVR","Ibrahim"
"1125","Ibrahim et al. 2019","Simpson","AOM/DSS","male",4,7,0.511795364860333,0.319519975456066,"lnCVR","Ibrahim"
"1126","Ibrahim et al. 2019","Simpson","AOM/DSS-ERbKOVil","female",4,6,0.931666029854186,0.342315567610422,"lnCVR","Ibrahim"
"1127","Ibrahim et al. 2019","Simpson","AOM/DSS-ERbKOVil","female",4,6,0.31842048548005,0.342353622873247,"lnCVR","Ibrahim"
"1128","Ibrahim et al. 2019","Simpson","AOM/DSS-ERbKOVil","male",4,7,-1.25399850406602,0.319700407462311,"lnCVR","Ibrahim"
"1129","Ibrahim et al. 2019","Simpson","AOM/DSS-ERbKOVil","male",4,7,-0.141962941762303,0.319484013757255,"lnCVR","Ibrahim"
"1130","Kozik et al. 2019","Simpson","Colitis-cecal","female",3,7,1.81158386818789,0.472967187672843,"lnCVR","Kozik"
"1131","Kozik et al. 2019","Simpson","Colitis-cecal","female",3,7,-1.49526937928721,0.497510610758432,"lnCVR","Kozik"
"1132","Kozik et al. 2019","Simpson","Colitis-cecal","female",3,7,-1.17951879501762,0.485781178329253,"lnCVR","Kozik"
"1133","Kozik et al. 2019","Simpson","Colitis-cecal","female",3,7,-0.211647417744984,0.474759109870649,"lnCVR","Kozik"
"1134","Kozik et al. 2019","Simpson","Colitis-cecal","male",2,7,-0.169455701056475,1.09736693800421,"lnCVR","Kozik"
"1135","Kozik et al. 2019","Simpson","Colitis-cecal","male",2,7,-0.381653501488939,1.09741905140509,"lnCVR","Kozik"
"1136","Kozik et al. 2019","Simpson","Colitis-cecal","male",2,7,-1.09714473937257,1.09789904703766,"lnCVR","Kozik"
"1137","Kozik et al. 2019","Simpson","Colitis-colonMucus","female",3,4,1.85363053059964,0.598403898788332,"lnCVR","Kozik"
"1138","Kozik et al. 2019","Simpson","Colitis-colonMucus","female",3,4,-1.45322271687545,0.622947321873921,"lnCVR","Kozik"
"1139","Kozik et al. 2019","Simpson","Colitis-colonMucus","female",3,4,-1.13747213260586,0.611217889444742,"lnCVR","Kozik"
"1140","Kozik et al. 2019","Simpson","Colitis-colonMucus","female",3,4,-0.169600755333228,0.600195820986139,"lnCVR","Kozik"
"1141","Kozik et al. 2019","Simpson","Colitis-colonMucus","male",2,5,-0.0937482508510608,1.15641773650319,"lnCVR","Kozik"
"1142","Kozik et al. 2019","Simpson","Colitis-colonMucus","male",2,5,-0.305946051283524,1.15646984990407,"lnCVR","Kozik"
"1143","Kozik et al. 2019","Simpson","Colitis-colonMucus","male",2,5,-1.02143728916716,1.15694984553664,"lnCVR","Kozik"
"1144","Kozik et al. 2019","Simpson","Colitis-colonMucus_T0","male",2,1,NA,NA,"lnCVR","Kozik"
"1145","Kozik et al. 2019","Simpson","Colitis-colonMucus_T0","male",2,1,NA,NA,"lnCVR","Kozik"
"1146","Kozik et al. 2019","Simpson","Colitis-colonMucus_T0","male",2,1,NA,NA,"lnCVR","Kozik"
"1147","Kozik et al. 2019","Simpson","Colitis-fecal","female",3,7,1.89491638542233,0.473096689681243,"lnCVR","Kozik"
"1148","Kozik et al. 2019","Simpson","Colitis-fecal","female",3,7,-1.41193686205276,0.497640112766833,"lnCVR","Kozik"
"1149","Kozik et al. 2019","Simpson","Colitis-fecal","female",3,7,-1.09618627778317,0.485910680337653,"lnCVR","Kozik"
"1150","Kozik et al. 2019","Simpson","Colitis-fecal","female",3,7,-0.12831490051054,0.47488861187905,"lnCVR","Kozik"
"1151","Kozik et al. 2019","Simpson","Colitis-fecal","male",2,5,1.03520365048431,1.15701074515097,"lnCVR","Kozik"
"1152","Kozik et al. 2019","Simpson","Colitis-fecal","male",2,5,0.823005850051851,1.15706285855185,"lnCVR","Kozik"
"1153","Kozik et al. 2019","Simpson","Colitis-fecal","male",2,5,0.107514612168217,1.15754285418442,"lnCVR","Kozik"
"1154","Kozik et al. 2019","Simpson","Colitis-fecal_T0","female",3,7,1.96384631536848,0.473221429007622,"lnCVR","Kozik"
"1155","Kozik et al. 2019","Simpson","Colitis-fecal_T0","female",3,7,-1.34300693210662,0.497764852093212,"lnCVR","Kozik"
"1156","Kozik et al. 2019","Simpson","Colitis-fecal_T0","female",3,7,-1.02725634783703,0.486035419664032,"lnCVR","Kozik"
"1157","Kozik et al. 2019","Simpson","Colitis-fecal_T0","female",3,7,-0.0593849705643926,0.475013351205429,"lnCVR","Kozik"
"1158","Kozik et al. 2019","Simpson","Colitis-fecal_T0","male",2,7,1.72312627459915,1.09935999886656,"lnCVR","Kozik"
"1159","Kozik et al. 2019","Simpson","Colitis-fecal_T0","male",2,7,1.51092847416669,1.09941211226744,"lnCVR","Kozik"
"1160","Kozik et al. 2019","Simpson","Colitis-fecal_T0","male",2,7,0.795437236283053,1.09989210790001,"lnCVR","Kozik"
"1161","Li et al. 2020","Simpson","Chow diet + STZ injection+ Distilled water ","female",NA,1,NA,NA,"lnCVR","Li"
"1162","Li et al. 2020","Simpson","Chow diet + STZ injection+ Distilled water ","male",NA,5,NA,NA,"lnCVR","Li"
"1163","Li et al. 2020","Simpson","HFD+ STZ injection + DNJ","female",NA,9,NA,NA,"lnCVR","Li"
"1164","Li et al. 2020","Simpson","HFD+ STZ injection + DNJ","male",NA,1,NA,NA,"lnCVR","Li"
"1165","Li et al. 2020","Simpson","HFD+ STZ injection+ Distilled water","female",NA,3,NA,NA,"lnCVR","Li"
"1166","Lindheim et al. 2018","Simpson","PRJNA445979","female",NA,93,NA,NA,"lnCVR","Lindheim"
"1167","Lindheim et al. 2018","Simpson","PRJNA445979","male",NA,76,NA,NA,"lnCVR","Lindheim"
"1168","Lyte et al. 2022","Simpson","beef-chow","female",19,19,0.873879566950638,0.0586801087426657,"lnCVR","Lyte"
"1169","Lyte et al. 2022","Simpson","beef-chow","male",20,18,-1.37539217053138,0.0590690901143607,"lnCVR","Lyte"
"1170","Lyte et al. 2022","Simpson","beef-chow-stress","female",19,20,0.724681263832993,0.0570504349900412,"lnCVR","Lyte"
"1171","Lyte et al. 2022","Simpson","beef-chow-stress","male",20,18,-1.5366173772278,0.0590649797008624,"lnCVR","Lyte"
"1172","Lyte et al. 2022","Simpson","chow-stress","female",19,20,0.702877248183568,0.0570494552272384,"lnCVR","Lyte"
"1173","Lyte et al. 2022","Simpson","chow-stress","male",20,20,-0.543671307399113,0.0556844165496234,"lnCVR","Lyte"
"1174","Pizarro et al. 2021","Simpson","Water-T0","female",8,NA,NA,NA,"lnCVR","Pizarro"
"1175","Pizarro et al. 2021","Simpson","Water-T0","male",10,NA,NA,NA,"lnCVR","Pizarro"
"1176","Pizarro et al. 2021","Simpson","EtOH-Syn-T1","female",NA,8,NA,NA,"lnCVR","Pizarro"
"1177","Pizarro et al. 2021","Simpson","EtOH-Syn-T1","male",NA,10,NA,NA,"lnCVR","Pizarro"
"1178","Pizarro et al. 2021","Simpson","EtOH-T1","female",NA,8,NA,NA,"lnCVR","Pizarro"
"1179","Pizarro et al. 2021","Simpson","EtOH-T1","male",NA,10,NA,NA,"lnCVR","Pizarro"
"1180","Pizarro et al. 2021","Simpson","Symbiotic-T0","female",NA,8,NA,NA,"lnCVR","Pizarro"
"1181","Pizarro et al. 2021","Simpson","Symbiotic-T0","male",NA,10,NA,NA,"lnCVR","Pizarro"
"1182","Ramakrishna et al. 2020","Simpson","ACV+IVIG-injected","female",3,4,0.296314956166538,0.610572723574767,"lnCVR","Ramakrishna"
"1183","Ramakrishna et al. 2020","Simpson","ACV+IVIG-injected","male",2,1,NA,NA,"lnCVR","Ramakrishna"
"1184","Ramakrishna et al. 2020","Simpson","ACV-injected","female",3,2,1.05943788353524,1.42091505622657,"lnCVR","Ramakrishna"
"1185","Ramakrishna et al. 2020","Simpson","ACV-injected","male",2,3,0.824446049472213,1.42222668395486,"lnCVR","Ramakrishna"
"1186","Ramakrishna et al. 2020","Simpson","HSV1-infected","female",3,5,0.326804269009771,0.543969078334275,"lnCVR","Ramakrishna"
"1187","Ramakrishna et al. 2020","Simpson","HSV1-infected","male",2,4,-0.295340189842489,1.23258322843255,"lnCVR","Ramakrishna"
"1188","Ramakrishna et al. 2020","Simpson","HSV1-infected; ACV+IVIG-injected","female",3,3,-1.70228140308342,0.755283732956418,"lnCVR","Ramakrishna"
"1189","Ramakrishna et al. 2020","Simpson","HSV1-infected; ACV+IVIG-injected","male",2,2,-1.57288581703957,2.00702850901521,"lnCVR","Ramakrishna"
"1190","Ramakrishna et al. 2020","Simpson","HSV1-infected; ACV-injected","female",3,1,NA,NA,"lnCVR","Ramakrishna"
"1191","Ramakrishna et al. 2020","Simpson","HSV1-infected; ACV-injected","male",2,1,NA,NA,"lnCVR","Ramakrishna"
"1192","Ramakrishna et al. 2020","Simpson","HSV1-infected; IVIG-injected","female",3,1,NA,NA,"lnCVR","Ramakrishna"
"1193","Ramakrishna et al. 2020","Simpson","HSV1-infected; IVIG-injected","male",2,3,0.0436339064505386,1.38984280492153,"lnCVR","Ramakrishna"
"1194","Ramakrishna et al. 2020","Simpson","IVIG-injected","female",3,5,0.783787594772582,0.555661353272854,"lnCVR","Ramakrishna"
"1195","Ramakrishna et al. 2020","Simpson","IVIG-injected","male",2,5,-1.06414045310137,1.1636646065109,"lnCVR","Ramakrishna"
"1196","Son et al. 2019","Simpson","IL-10 Knockout ","female",8,8,-1.13040865097409,0.17518868215669,"lnCVR","Son"
"1197","Son et al. 2019","Simpson","IL-10 Knockout ","male",8,8,2.40261211892939,0.170238533094486,"lnCVR","Son"
"1198","Song et al. 2020","Simpson","AOM/DSS","male",5,12,-0.889437292101912,0.2071850302854,"lnCVR","Song"
"1199","Song et al. 2020","Simpson","AOM/DSS E2-supplemented","male",5,12,0.0561812306988532,0.207762800218705,"lnCVR","Song"
"1200","Song et al. 2020","Simpson","E2-supplemented","male",5,12,-0.354083406942232,0.207381777759913,"lnCVR","Song"
"1201","Song et al. 2020","Simpson","ovariectomized ","female",11,7,-0.592625095029985,0.15250122236512,"lnCVR","Song"
"1202","Song et al. 2021","Simpson","AOM/DSS","female",8,8,-0.444022423750128,0.186243953607504,"lnCVR","Song"
"1203","Song et al. 2021","Simpson","AOM/DSS","male",8,8,2.07389120591858,0.167815242004562,"lnCVR","Song"
"1204","Song et al. 2021","Simpson","AOM/DSS-Nrf2KO","female",8,8,-0.516901645201735,0.185336895478652,"lnCVR","Song"
"1205","Song et al. 2021","Simpson","AOM/DSS-Nrf2KO","male",8,8,2.07117333705563,0.167790795466429,"lnCVR","Song"
"1206","Song et al. 2021","Simpson","Nrf2KO","female",8,8,-1.04211861174629,0.181604290401806,"lnCVR","Song"
"1207","Song et al. 2021","Simpson","Nrf2KO","male",8,8,1.76474774961349,0.165742072577482,"lnCVR","Song"
"1208","Song et al. 2022","Simpson","AOM/DSS","female",4,7,0.445670023833409,0.326644600826677,"lnCVR","Song"
"1209","Song et al. 2022","Simpson","AOM/DSS","male",4,10,-0.235215178852018,0.290496088650279,"lnCVR","Song"
"1210","Song et al. 2022","Simpson","AOM/DSS_ steroid-injected","female",4,4,0.823328741975548,0.461504763629671,"lnCVR","Song"
"1211","Song et al. 2022","Simpson","AOM/DSS_ steroid-injected","male",4,8,-0.186291185564002,0.310922115613157,"lnCVR","Song"
"1212","Song et al. 2022","Simpson","orchiectomized","male",4,4,-0.211858826266039,0.452700307690575,"lnCVR","Song"
"1213","Song et al. 2022","Simpson","orchiectomized_ AOM/DSS","male",4,10,-0.16662652165561,0.290724706282297,"lnCVR","Song"
"1214","Song et al. 2022","Simpson","orchiectomized_ AOM/DSS_ steroid-injected","male",4,6,-0.395114600131271,0.348934884996901,"lnCVR","Song"
"1215","Sun et al. 2020","Simpson","High fat","female",8,7,-0.342462290381564,0.178917500299119,"lnCVR","Sun"
"1216","Sun et al. 2020","Simpson","High fat","male",8,8,-0.205337529324196,0.163336864975845,"lnCVR","Sun"
"1217","Sun et al. 2020","Simpson","Pomctm1/tm1","female",8,8,-0.139728362671936,0.163335690545051,"lnCVR","Sun"
"1218","Sun et al. 2020","Simpson","Pomctm1/tm1","male",8,8,1.10566005572419,0.163701260198811,"lnCVR","Sun"
"1219","Sun et al. 2020","Simpson","Pomctm1/tm1, High fat","female",8,7,-0.100760421623308,0.178931515905109,"lnCVR","Sun"
"1220","Sun et al. 2020","Simpson","Pomctm1/tm1, High fat","male",8,8,0.947495832213898,0.163594659965947,"lnCVR","Sun"
"1221","Tam et al. 2020","Simpson","""Smoke exposed, ovariectomy""_cecal","female",10,8,0.244296344584167,0.143638268761968,"lnCVR","Tam"
"1222","Tam et al. 2020","Simpson","Smoke exposed_cecal","female",10,10,-0.119646242298351,0.123623372764341,"lnCVR","Tam"
"1223","Tam et al. 2020","Simpson","Smoke exposed_cecal","male",10,10,-0.133928238309468,0.123841620552943,"lnCVR","Tam"
"1224","Tam et al. 2020","Simpson","ovariectomy_cecal","female",10,10,0.540507200832395,0.123824830091637,"lnCVR","Tam"
"1225","Tashiro et al. 2020","Simpson","Cellulose","female",8,8,-1.10689296438014,0.174018941336025,"lnCVR","Tashiro"
"1226","Tashiro et al. 2020","Simpson","Cellulose","male",8,8,-0.36994189029331,0.16992095475027,"lnCVR","Tashiro"
"1227","Tashiro et al. 2020","Simpson","Fiberfree","female",8,8,-0.942059145648846,0.174428763955544,"lnCVR","Tashiro"
"1228","Tashiro et al. 2020","Simpson","Fiberfree","male",8,8,-1.56710490197236,0.167971236748271,"lnCVR","Tashiro"
"1229","Tashiro et al. 2020","Simpson","Pectin","female",8,8,-0.570103347674538,0.176044930907057,"lnCVR","Tashiro"
"1230","Tashiro et al. 2020","Simpson","Pectin","male",8,8,0.422494111917338,0.178372544084285,"lnCVR","Tashiro"
"1231","Velasco et al. 2021","Simpson","C57BL/6J","female",4,NA,NA,NA,"lnCVR","Velasco"
"1232","Velasco et al. 2021","Simpson","C57BL/6J","male",4,NA,NA,NA,"lnCVR","Velasco"
"1233","Velasco et al. 2021","Simpson","MRL/MpJ","female",NA,4,NA,NA,"lnCVR","Velasco"
"1234","Velasco et al. 2021","Simpson","MRL/MpJ","male",NA,4,NA,NA,"lnCVR","Velasco"
"1235","Weng et al. 2019","Simpson","APOE2_APP transgene +","female",NA,11,NA,NA,"lnCVR","Weng"
"1236","Weng et al. 2019","Simpson","APOE2_APP transgene +","male",NA,6,NA,NA,"lnCVR","Weng"
"1237","Weng et al. 2019","Simpson","APOE2_APP transgene -","female",NA,18,NA,NA,"lnCVR","Weng"
"1238","Weng et al. 2019","Simpson","APOE2_APP transgene -","male",NA,16,NA,NA,"lnCVR","Weng"
"1239","Weng et al. 2019","Simpson","APOE3_APP transgene +","female",NA,21,NA,NA,"lnCVR","Weng"
"1240","Weng et al. 2019","Simpson","APOE3_APP transgene +","male",NA,13,NA,NA,"lnCVR","Weng"
"1241","Weng et al. 2019","Simpson","APOE3_APP transgene -","female",NA,15,NA,NA,"lnCVR","Weng"
"1242","Weng et al. 2019","Simpson","APOE3_APP transgene -","male",NA,20,NA,NA,"lnCVR","Weng"
"1243","Weng et al. 2019","Simpson","APOE4_APP transgene +","female",NA,24,NA,NA,"lnCVR","Weng"
"1244","Weng et al. 2019","Simpson","APOE4_APP transgene +","male",NA,19,NA,NA,"lnCVR","Weng"
"1245","Weng et al. 2019","Simpson","APOE4_APP transgene -","female",NA,24,NA,NA,"lnCVR","Weng"
"1246","Weng et al. 2019","Simpson","APOE4_APP transgene -","male",NA,32,NA,NA,"lnCVR","Weng"
"1247","Wolfe et al. 2020","Simpson","Smad3-/-_CRC_SFB+_cecal","female",NA,7,NA,NA,"lnCVR","Wolfe"
"1248","Wolfe et al. 2020","Simpson","Smad3-/-_CRC_SFB+_cecal","male",NA,1,NA,NA,"lnCVR","Wolfe"
"1249","Wolfe et al. 2020","Simpson","Smad3-/-_CRC_SFB+_fecal","female",NA,68,NA,NA,"lnCVR","Wolfe"
"1250","Wolfe et al. 2020","Simpson","Smad3-/-_CRC_SFB+_fecal","male",NA,10,NA,NA,"lnCVR","Wolfe"
"1251","Wolfe et al. 2020","Simpson","Smad3-/-_CRC_SFB-_cecal","female",NA,7,NA,NA,"lnCVR","Wolfe"
"1252","Wolfe et al. 2020","Simpson","Smad3-/-_CRC_SFB-_cecal","male",NA,2,NA,NA,"lnCVR","Wolfe"
"1253","Wolfe et al. 2020","Simpson","Smad3-/-_CRC_SFB-_fecal","female",NA,83,NA,NA,"lnCVR","Wolfe"
"1254","Wolfe et al. 2020","Simpson","Smad3-/-_CRC_SFB-_fecal","male",NA,34,NA,NA,"lnCVR","Wolfe"
"1255","Wolfe et al. 2020","Simpson","Smad3-/-_healthy_SFB+_cecal","female",NA,5,NA,NA,"lnCVR","Wolfe"
"1256","Wolfe et al. 2020","Simpson","Smad3-/-_healthy_SFB+_cecal","male",NA,15,NA,NA,"lnCVR","Wolfe"
"1257","Wolfe et al. 2020","Simpson","Smad3-/-_healthy_SFB+_fecal","female",NA,49,NA,NA,"lnCVR","Wolfe"
"1258","Wolfe et al. 2020","Simpson","Smad3-/-_healthy_SFB+_fecal","male",NA,156,NA,NA,"lnCVR","Wolfe"
"1259","Wolfe et al. 2020","Simpson","Smad3-/-_healthy_SFB-_cecal","female",NA,10,NA,NA,"lnCVR","Wolfe"
"1260","Wolfe et al. 2020","Simpson","Smad3-/-_healthy_SFB-_cecal","male",NA,15,NA,NA,"lnCVR","Wolfe"
"1261","Wolfe et al. 2020","Simpson","Smad3-/-_healthy_SFB-_fecal","female",NA,135,NA,NA,"lnCVR","Wolfe"
"1262","Wolfe et al. 2020","Simpson","Smad3-/-_healthy_SFB-_fecal","male",NA,158,NA,NA,"lnCVR","Wolfe"
"1263","Zajac et al. 2022","Simpson","APOE2/E2_cecal","female",NA,6,NA,NA,"lnCVR","Zajac"
"1264","Zajac et al. 2022","Simpson","APOE2/E2_cecal","male",NA,5,NA,NA,"lnCVR","Zajac"
"1265","Zajac et al. 2022","Simpson","APOE2/E2_fecal","female",NA,21,NA,NA,"lnCVR","Zajac"
"1266","Zajac et al. 2022","Simpson","APOE2/E2_fecal","male",NA,15,NA,NA,"lnCVR","Zajac"
"1267","Zajac et al. 2022","Simpson","APOE2/E2_small bowel","female",NA,3,NA,NA,"lnCVR","Zajac"
"1268","Zajac et al. 2022","Simpson","APOE2/E2_small bowel","male",NA,2,NA,NA,"lnCVR","Zajac"
"1269","Zajac et al. 2022","Simpson","APOE2/E3_cecal","female",NA,10,NA,NA,"lnCVR","Zajac"
"1270","Zajac et al. 2022","Simpson","APOE2/E3_cecal","male",NA,7,NA,NA,"lnCVR","Zajac"
"1271","Zajac et al. 2022","Simpson","APOE2/E3_fecal","female",NA,36,NA,NA,"lnCVR","Zajac"
"1272","Zajac et al. 2022","Simpson","APOE2/E3_fecal","male",NA,21,NA,NA,"lnCVR","Zajac"
"1273","Zajac et al. 2022","Simpson","APOE2/E3_small bowel","male",NA,1,NA,NA,"lnCVR","Zajac"
"1274","Zajac et al. 2022","Simpson","APOE2_fecal","female",NA,7,NA,NA,"lnCVR","Zajac"
"1275","Zajac et al. 2022","Simpson","APOE2_fecal","male",NA,8,NA,NA,"lnCVR","Zajac"
"1276","Zajac et al. 2022","Simpson","APOE3/E3_cecal","female",NA,5,NA,NA,"lnCVR","Zajac"
"1277","Zajac et al. 2022","Simpson","APOE3/E3_cecal","male",NA,13,NA,NA,"lnCVR","Zajac"
"1278","Zajac et al. 2022","Simpson","APOE3/E3_fecal","female",NA,15,NA,NA,"lnCVR","Zajac"
"1279","Zajac et al. 2022","Simpson","APOE3/E3_fecal","male",NA,41,NA,NA,"lnCVR","Zajac"
"1280","Zajac et al. 2022","Simpson","APOE3/E3_small bowel","female",NA,2,NA,NA,"lnCVR","Zajac"
"1281","Zajac et al. 2022","Simpson","APOE3/E3_small bowel","male",NA,4,NA,NA,"lnCVR","Zajac"
"1282","Zajac et al. 2022","Simpson","APOE3/E4_cecal","female",NA,8,NA,NA,"lnCVR","Zajac"
"1283","Zajac et al. 2022","Simpson","APOE3/E4_cecal","male",NA,10,NA,NA,"lnCVR","Zajac"
"1284","Zajac et al. 2022","Simpson","APOE3/E4_fecal","female",NA,23,NA,NA,"lnCVR","Zajac"
"1285","Zajac et al. 2022","Simpson","APOE3/E4_fecal","male",NA,32,NA,NA,"lnCVR","Zajac"
"1286","Zajac et al. 2022","Simpson","APOE3/E4_small bowel","female",NA,1,NA,NA,"lnCVR","Zajac"
"1287","Zajac et al. 2022","Simpson","APOE3_fecal","female",NA,7,NA,NA,"lnCVR","Zajac"
"1288","Zajac et al. 2022","Simpson","APOE3_fecal","male",NA,6,NA,NA,"lnCVR","Zajac"
"1289","Zajac et al. 2022","Simpson","APOE4/E4_cecal","female",NA,4,NA,NA,"lnCVR","Zajac"
"1290","Zajac et al. 2022","Simpson","APOE4/E4_cecal","male",NA,5,NA,NA,"lnCVR","Zajac"
"1291","Zajac et al. 2022","Simpson","APOE4/E4_fecal","female",NA,19,NA,NA,"lnCVR","Zajac"
"1292","Zajac et al. 2022","Simpson","APOE4/E4_fecal","male",NA,15,NA,NA,"lnCVR","Zajac"
"1293","Zajac et al. 2022","Simpson","APOE4/E4_small bowel","female",NA,3,NA,NA,"lnCVR","Zajac"
"1294","Zajac et al. 2022","Simpson","APOE4/E4_small bowel","male",NA,3,NA,NA,"lnCVR","Zajac"
"1295","Zajac et al. 2022","Simpson","APOE4_fecal","female",NA,7,NA,NA,"lnCVR","Zajac"
"1296","Zajac et al. 2022","Simpson","APOE4_fecal","male",NA,7,NA,NA,"lnCVR","Zajac"
"1297","Zou et al. 2021","Simpson","Glrx1 KO + High fat chow","female",4,4,-0.368745744373886,0.444990449450026,"lnCVR","Zou"
"1298","Zou et al. 2021","Simpson","Glrx1 KO + High fat chow","male",4,4,1.11925046659926,0.444685227519809,"lnCVR","Zou"
"1299","Zou et al. 2021","Simpson","Glrx1 KO + Standard chow","female",4,3,-0.572431234081985,0.597724237570154,"lnCVR","Zou"
"1300","Zou et al. 2021","Simpson","Glrx1 KO + Standard chow","male",4,2,0.135219742924261,1.22227662511531,"lnCVR","Zou"
"1301","Zou et al. 2021","Simpson","High fat chow","female",4,5,-1.37700379108661,0.378862039955423,"lnCVR","Zou"
"1302","Zou et al. 2021","Simpson","High fat chow","male",4,5,-0.0888571290613025,0.378512297290538,"lnCVR","Zou"
"1303","Cheema & Pluznick 2019","Chao1","Ang II infusion","female",3,3,-1.26262130458498,0.75,"lnVR","Cheema"
"1304","Cheema & Pluznick 2019","Chao1","Ang II infusion","male",3,3,-0.529819764429968,0.75,"lnVR","Cheema"
"1305","Ellis et al. 2021","Chao1","13C11MK4_cecal","female",7,7,0.41783403934962,0.194444444444444,"lnVR","Ellis"
"1306","Ellis et al. 2021","Chao1","13C11MK4_cecal","male",7,7,-1.91809110127745,0.194444444444444,"lnVR","Ellis"
"1307","Ellis et al. 2021","Chao1","2H7MK7_cecal","female",7,7,1.4740409408376,0.194444444444444,"lnVR","Ellis"
"1308","Ellis et al. 2021","Chao1","2H7MK7_cecal","male",7,7,-1.1997493585087,0.194444444444444,"lnVR","Ellis"
"1309","Ellis et al. 2021","Chao1","2H7MK9_cecal","female",7,7,1.66745874888901,0.194444444444444,"lnVR","Ellis"
"1310","Ellis et al. 2021","Chao1","2H7MK9_cecal","male",7,7,-1.7198447013136,0.194444444444444,"lnVR","Ellis"
"1311","Ellis et al. 2021","Chao1","2H7PK_cecal","female",7,7,0.703560936603126,0.194444444444444,"lnVR","Ellis"
"1312","Ellis et al. 2021","Chao1","2H7PK_cecal","male",7,7,-0.822870822468364,0.194444444444444,"lnVR","Ellis"
"1313","Ellis et al. 2021","Chao1","Combo_cecal","female",7,9,1.53821789749344,0.167534722222222,"lnVR","Ellis"
"1314","Ellis et al. 2021","Chao1","Combo_cecal","male",7,10,-0.715798389390897,0.158950617283951,"lnVR","Ellis"
"1315","Ellis et al. 2021","Chao1","MK4_cecal","female",7,10,1.7831871234416,0.158950617283951,"lnVR","Ellis"
"1316","Ellis et al. 2021","Chao1","MK4_cecal","male",7,10,-0.627295766907334,0.158950617283951,"lnVR","Ellis"
"1317","Ellis et al. 2021","Chao1","MK9_cecal","female",7,9,1.30198406965786,0.167534722222222,"lnVR","Ellis"
"1318","Ellis et al. 2021","Chao1","MK9_cecal","male",7,9,-0.677971241556588,0.167534722222222,"lnVR","Ellis"
"1319","Ellis et al. 2021","Chao1","PK_cecal","female",7,9,1.5045120062317,0.167534722222222,"lnVR","Ellis"
"1320","Ellis et al. 2021","Chao1","PK_cecal","male",7,10,-0.261356299606007,0.158950617283951,"lnVR","Ellis"
"1321","Ellis et al. 2021","Chao1","VKdef_cecal","female",7,9,1.51464905408041,0.167534722222222,"lnVR","Ellis"
"1322","Ellis et al. 2021","Chao1","VKdef_cecal","male",7,8,-0.60368687090422,0.178854875283447,"lnVR","Ellis"
"1323","Gubert et al. 2022","Chao1","R6/1_Enviromental enrichment ","female",8,7,-0.690382050778126,0.178854875283447,"lnVR","Gubert"
"1324","Gubert et al. 2022","Chao1","R6/1_Enviromental enrichment ","female",8,7,-0.515867077041112,0.178854875283447,"lnVR","Gubert"
"1325","Gubert et al. 2022","Chao1","R6/1_Enviromental enrichment ","male",8,8,0.160558720268405,0.163265306122449,"lnVR","Gubert"
"1326","Gubert et al. 2022","Chao1","R6/1_Enviromental enrichment ","male",8,8,0.0544462682196925,0.163265306122449,"lnVR","Gubert"
"1327","Gubert et al. 2022","Chao1","R6/1_Exercise","female",8,8,-0.272528793235877,0.163265306122449,"lnVR","Gubert"
"1328","Gubert et al. 2022","Chao1","R6/1_Exercise","female",8,8,-0.0980138194988633,0.163265306122449,"lnVR","Gubert"
"1329","Gubert et al. 2022","Chao1","R6/1_Exercise","male",8,8,0.158113616642992,0.163265306122449,"lnVR","Gubert"
"1330","Gubert et al. 2022","Chao1","R6/1_Exercise","male",8,8,0.0520011645942789,0.163265306122449,"lnVR","Gubert"
"1331","Gubert et al. 2022","Chao1","WT_Enviromental enrichment ","female",8,8,-0.418284774311954,0.163265306122449,"lnVR","Gubert"
"1332","Gubert et al. 2022","Chao1","WT_Enviromental enrichment ","female",8,8,-0.243769800574941,0.163265306122449,"lnVR","Gubert"
"1333","Gubert et al. 2022","Chao1","WT_Enviromental enrichment ","male",8,8,0.870072298399281,0.163265306122449,"lnVR","Gubert"
"1334","Gubert et al. 2022","Chao1","WT_Enviromental enrichment ","male",8,8,0.763959846350569,0.163265306122449,"lnVR","Gubert"
"1335","Gubert et al. 2022","Chao1","WT_Exercise","female",8,8,-0.321667877350032,0.163265306122449,"lnVR","Gubert"
"1336","Gubert et al. 2022","Chao1","WT_Exercise","female",8,8,-0.147152903613019,0.163265306122449,"lnVR","Gubert"
"1337","Gubert et al. 2022","Chao1","WT_Exercise","male",8,8,0.311592229723276,0.163265306122449,"lnVR","Gubert"
"1338","Gubert et al. 2022","Chao1","WT_Exercise","male",8,8,0.205479777674564,0.163265306122449,"lnVR","Gubert"
"1339","Ibrahim et al. 2019","Chao1","AOM/DSS","female",4,3,-0.456546236667608,0.597222222222222,"lnVR","Ibrahim"
"1340","Ibrahim et al. 2019","Chao1","AOM/DSS","female",4,3,-0.181544645614633,0.597222222222222,"lnVR","Ibrahim"
"1341","Ibrahim et al. 2019","Chao1","AOM/DSS","male",4,7,-0.598437224693209,0.319444444444444,"lnVR","Ibrahim"
"1342","Ibrahim et al. 2019","Chao1","AOM/DSS","male",4,7,-1.05286392815431,0.319444444444444,"lnVR","Ibrahim"
"1343","Ibrahim et al. 2019","Chao1","AOM/DSS-ERbKOVil","female",4,6,-0.893403907805635,0.342222222222222,"lnVR","Ibrahim"
"1344","Ibrahim et al. 2019","Chao1","AOM/DSS-ERbKOVil","female",4,6,-0.61840231675266,0.342222222222222,"lnVR","Ibrahim"
"1345","Ibrahim et al. 2019","Chao1","AOM/DSS-ERbKOVil","male",4,7,-0.527509864766257,0.319444444444444,"lnVR","Ibrahim"
"1346","Ibrahim et al. 2019","Chao1","AOM/DSS-ERbKOVil","male",4,7,-0.981936568227355,0.319444444444444,"lnVR","Ibrahim"
"1347","Kozik et al. 2019","Chao1","Colitis-cecal","female",3,7,-0.568942964662847,0.472222222222222,"lnVR","Kozik"
"1348","Kozik et al. 2019","Chao1","Colitis-cecal","female",3,7,-0.487544166531868,0.472222222222222,"lnVR","Kozik"
"1349","Kozik et al. 2019","Chao1","Colitis-cecal","female",3,7,0.862294944330607,0.472222222222222,"lnVR","Kozik"
"1350","Kozik et al. 2019","Chao1","Colitis-cecal","female",3,7,1.22170642135168,0.472222222222222,"lnVR","Kozik"
"1351","Kozik et al. 2019","Chao1","Colitis-cecal","male",2,7,-0.869522654559458,1.09722222222222,"lnVR","Kozik"
"1352","Kozik et al. 2019","Chao1","Colitis-cecal","male",2,7,-0.870665154231614,1.09722222222222,"lnVR","Kozik"
"1353","Kozik et al. 2019","Chao1","Colitis-cecal","male",2,7,-1.18337300332292,1.09722222222222,"lnVR","Kozik"
"1354","Kozik et al. 2019","Chao1","Colitis-colonMucus","female",3,4,-0.051292629623441,0.597222222222222,"lnVR","Kozik"
"1355","Kozik et al. 2019","Chao1","Colitis-colonMucus","female",3,4,0.030106168507538,0.597222222222222,"lnVR","Kozik"
"1356","Kozik et al. 2019","Chao1","Colitis-colonMucus","female",3,4,1.37994527937001,0.597222222222222,"lnVR","Kozik"
"1357","Kozik et al. 2019","Chao1","Colitis-colonMucus","female",3,4,1.73935675639108,0.597222222222222,"lnVR","Kozik"
"1358","Kozik et al. 2019","Chao1","Colitis-colonMucus","male",2,5,-0.178532893902113,1.15625,"lnVR","Kozik"
"1359","Kozik et al. 2019","Chao1","Colitis-colonMucus","male",2,5,-0.179675393574269,1.15625,"lnVR","Kozik"
"1360","Kozik et al. 2019","Chao1","Colitis-colonMucus","male",2,5,-0.492383242665575,1.15625,"lnVR","Kozik"
"1361","Kozik et al. 2019","Chao1","Colitis-colonMucus_T0","male",2,1,NA,NA,"lnVR","Kozik"
"1362","Kozik et al. 2019","Chao1","Colitis-colonMucus_T0","male",2,1,NA,NA,"lnVR","Kozik"
"1363","Kozik et al. 2019","Chao1","Colitis-colonMucus_T0","male",2,1,NA,NA,"lnVR","Kozik"
"1364","Kozik et al. 2019","Chao1","Colitis-fecal","female",3,7,-0.39265921675774,0.472222222222222,"lnVR","Kozik"
"1365","Kozik et al. 2019","Chao1","Colitis-fecal","female",3,7,-0.311260418626761,0.472222222222222,"lnVR","Kozik"
"1366","Kozik et al. 2019","Chao1","Colitis-fecal","female",3,7,1.03857869223571,0.472222222222222,"lnVR","Kozik"
"1367","Kozik et al. 2019","Chao1","Colitis-fecal","female",3,7,1.39799016925679,0.472222222222222,"lnVR","Kozik"
"1368","Kozik et al. 2019","Chao1","Colitis-fecal","male",2,5,-0.0203267075577461,1.15625,"lnVR","Kozik"
"1369","Kozik et al. 2019","Chao1","Colitis-fecal","male",2,5,-0.0214692072299026,1.15625,"lnVR","Kozik"
"1370","Kozik et al. 2019","Chao1","Colitis-fecal","male",2,5,-0.334177056321209,1.15625,"lnVR","Kozik"
"1371","Kozik et al. 2019","Chao1","Colitis-fecal_T0","female",3,7,-0.802191527800196,0.472222222222222,"lnVR","Kozik"
"1372","Kozik et al. 2019","Chao1","Colitis-fecal_T0","female",3,7,-0.720792729669217,0.472222222222222,"lnVR","Kozik"
"1373","Kozik et al. 2019","Chao1","Colitis-fecal_T0","female",3,7,0.629046381193258,0.472222222222222,"lnVR","Kozik"
"1374","Kozik et al. 2019","Chao1","Colitis-fecal_T0","female",3,7,0.988457858214329,0.472222222222222,"lnVR","Kozik"
"1375","Kozik et al. 2019","Chao1","Colitis-fecal_T0","male",2,7,-0.12505338856248,1.09722222222222,"lnVR","Kozik"
"1376","Kozik et al. 2019","Chao1","Colitis-fecal_T0","male",2,7,-0.126195888234637,1.09722222222222,"lnVR","Kozik"
"1377","Kozik et al. 2019","Chao1","Colitis-fecal_T0","male",2,7,-0.438903737325943,1.09722222222222,"lnVR","Kozik"
"1378","Li et al. 2020","Chao1","Chow diet + STZ injection+ Distilled water ","female",NA,1,NA,NA,"lnVR","Li"
"1379","Li et al. 2020","Chao1","Chow diet + STZ injection+ Distilled water ","male",NA,5,NA,NA,"lnVR","Li"
"1380","Li et al. 2020","Chao1","HFD+ STZ injection + DNJ","female",NA,9,NA,NA,"lnVR","Li"
"1381","Li et al. 2020","Chao1","HFD+ STZ injection + DNJ","male",NA,1,NA,NA,"lnVR","Li"
"1382","Li et al. 2020","Chao1","HFD+ STZ injection+ Distilled water","female",NA,3,NA,NA,"lnVR","Li"
"1383","Lindheim et al. 2018","Chao1","PRJNA445979","female",NA,93,NA,NA,"lnVR","Lindheim"
"1384","Lindheim et al. 2018","Chao1","PRJNA445979","male",NA,76,NA,NA,"lnVR","Lindheim"
"1385","Lyte et al. 2022","Chao1","beef-chow","female",19,19,0.0821930623709666,0.058641975308642,"lnVR","Lyte"
"1386","Lyte et al. 2022","Chao1","beef-chow","male",20,18,0.09308015399394,0.0588426995370415,"lnVR","Lyte"
"1387","Lyte et al. 2022","Chao1","beef-chow-stress","female",19,20,0.371812446638758,0.0570218186792517,"lnVR","Lyte"
"1388","Lyte et al. 2022","Chao1","beef-chow-stress","male",20,18,0.278008789805508,0.0588426995370415,"lnVR","Lyte"
"1389","Lyte et al. 2022","Chao1","chow-stress","female",19,20,0.121130899339605,0.0570218186792517,"lnVR","Lyte"
"1390","Lyte et al. 2022","Chao1","chow-stress","male",20,20,0.164879572418177,0.0554016620498615,"lnVR","Lyte"
"1391","Pizarro et al. 2021","Chao1","Water-T0","female",8,NA,NA,NA,"lnVR","Pizarro"
"1392","Pizarro et al. 2021","Chao1","Water-T0","male",10,NA,NA,NA,"lnVR","Pizarro"
"1393","Pizarro et al. 2021","Chao1","EtOH-Syn-T1","female",NA,8,NA,NA,"lnVR","Pizarro"
"1394","Pizarro et al. 2021","Chao1","EtOH-Syn-T1","male",NA,10,NA,NA,"lnVR","Pizarro"
"1395","Pizarro et al. 2021","Chao1","EtOH-T1","female",NA,8,NA,NA,"lnVR","Pizarro"
"1396","Pizarro et al. 2021","Chao1","EtOH-T1","male",NA,10,NA,NA,"lnVR","Pizarro"
"1397","Pizarro et al. 2021","Chao1","Symbiotic-T0","female",NA,8,NA,NA,"lnVR","Pizarro"
"1398","Pizarro et al. 2021","Chao1","Symbiotic-T0","male",NA,10,NA,NA,"lnVR","Pizarro"
"1399","Ramakrishna et al. 2020","Chao1","ACV+IVIG-injected","female",3,4,0.422467122505906,0.597222222222222,"lnVR","Ramakrishna"
"1400","Ramakrishna et al. 2020","Chao1","ACV+IVIG-injected","male",2,1,NA,NA,"lnVR","Ramakrishna"
"1401","Ramakrishna et al. 2020","Chao1","ACV-injected","female",3,2,0.452732554054082,1.375,"lnVR","Ramakrishna"
"1402","Ramakrishna et al. 2020","Chao1","ACV-injected","male",2,3,-0.915027321398507,1.375,"lnVR","Ramakrishna"
"1403","Ramakrishna et al. 2020","Chao1","HSV1-infected","female",3,5,0.645222520473574,0.53125,"lnVR","Ramakrishna"
"1404","Ramakrishna et al. 2020","Chao1","HSV1-infected","male",2,4,-1.69150783529179,1.22222222222222,"lnVR","Ramakrishna"
"1405","Ramakrishna et al. 2020","Chao1","HSV1-infected; ACV+IVIG-injected","female",3,3,0.405465108108164,0.75,"lnVR","Ramakrishna"
"1406","Ramakrishna et al. 2020","Chao1","HSV1-infected; ACV+IVIG-injected","male",2,2,NA,2,"lnVR","Ramakrishna"
"1407","Ramakrishna et al. 2020","Chao1","HSV1-infected; ACV-injected","female",3,1,NA,NA,"lnVR","Ramakrishna"
"1408","Ramakrishna et al. 2020","Chao1","HSV1-infected; ACV-injected","male",2,1,NA,NA,"lnVR","Ramakrishna"
"1409","Ramakrishna et al. 2020","Chao1","HSV1-infected; IVIG-injected","female",3,1,NA,NA,"lnVR","Ramakrishna"
"1410","Ramakrishna et al. 2020","Chao1","HSV1-infected; IVIG-injected","male",2,3,-0.771186285172617,1.375,"lnVR","Ramakrishna"
"1411","Ramakrishna et al. 2020","Chao1","IVIG-injected","female",3,5,0.718199476785114,0.53125,"lnVR","Ramakrishna"
"1412","Ramakrishna et al. 2020","Chao1","IVIG-injected","male",2,5,-1.64201372356148,1.15625,"lnVR","Ramakrishna"
"1413","Son et al. 2019","Chao1","IL-10 Knockout ","female",8,8,-0.105072732938775,0.163265306122449,"lnVR","Son"
"1414","Son et al. 2019","Chao1","IL-10 Knockout ","male",8,8,-0.764901969694181,0.163265306122449,"lnVR","Son"
"1415","Song et al. 2020","Chao1","AOM/DSS","male",5,12,0.0571604120302899,0.205836776859504,"lnVR","Song"
"1416","Song et al. 2020","Chao1","AOM/DSS E2-supplemented","male",5,12,0.074427288206601,0.205836776859504,"lnVR","Song"
"1417","Song et al. 2020","Chao1","E2-supplemented","male",5,12,0.0665557159461459,0.205836776859504,"lnVR","Song"
"1418","Song et al. 2020","Chao1","ovariectomized ","female",11,7,0.185316180756565,0.152222222222222,"lnVR","Song"
"1419","Song et al. 2021","Chao1","AOM/DSS","female",8,8,-0.515891308232115,0.163265306122449,"lnVR","Song"
"1420","Song et al. 2021","Chao1","AOM/DSS","male",8,8,-0.223773422009475,0.163265306122449,"lnVR","Song"
"1421","Song et al. 2021","Chao1","AOM/DSS-Nrf2KO","female",8,8,-1.00083462415963,0.163265306122449,"lnVR","Song"
"1422","Song et al. 2021","Chao1","AOM/DSS-Nrf2KO","male",8,8,-0.998863423279526,0.163265306122449,"lnVR","Song"
"1423","Song et al. 2021","Chao1","Nrf2KO","female",8,8,-0.464849923651564,0.163265306122449,"lnVR","Song"
"1424","Song et al. 2021","Chao1","Nrf2KO","male",8,8,-0.566467337542202,0.163265306122449,"lnVR","Song"
"1425","Song et al. 2022","Chao1","AOM/DSS","female",4,7,-0.551493358964656,0.319444444444444,"lnVR","Song"
"1426","Song et al. 2022","Chao1","AOM/DSS","male",4,10,1.59953661154946,0.283950617283951,"lnVR","Song"
"1427","Song et al. 2022","Chao1","AOM/DSS_ steroid-injected","female",4,4,-0.777263616191443,0.444444444444444,"lnVR","Song"
"1428","Song et al. 2022","Chao1","AOM/DSS_ steroid-injected","male",4,8,1.85068104784691,0.303854875283447,"lnVR","Song"
"1429","Song et al. 2022","Chao1","orchiectomized","male",4,4,1.64808777915656,0.444444444444444,"lnVR","Song"
"1430","Song et al. 2022","Chao1","orchiectomized_ AOM/DSS","male",4,10,1.99068220469497,0.283950617283951,"lnVR","Song"
"1431","Song et al. 2022","Chao1","orchiectomized_ AOM/DSS_ steroid-injected","male",4,6,2.13374773625758,0.342222222222222,"lnVR","Song"
"1432","Sun et al. 2020","Chao1","High fat","female",8,7,-0.188397491873576,0.178854875283447,"lnVR","Sun"
"1433","Sun et al. 2020","Chao1","High fat","male",8,8,-0.668801625308303,0.163265306122449,"lnVR","Sun"
"1434","Sun et al. 2020","Chao1","Pomctm1/tm1","female",8,8,0.452309576955907,0.163265306122449,"lnVR","Sun"
"1435","Sun et al. 2020","Chao1","Pomctm1/tm1","male",8,8,-0.809611966717477,0.163265306122449,"lnVR","Sun"
"1436","Sun et al. 2020","Chao1","Pomctm1/tm1, High fat","female",8,7,0.400497917822483,0.178854875283447,"lnVR","Sun"
"1437","Sun et al. 2020","Chao1","Pomctm1/tm1, High fat","male",8,8,-0.400803466374943,0.163265306122449,"lnVR","Sun"
"1438","Tam et al. 2020","Chao1","""Smoke exposed, ovariectomy""_cecal","female",10,8,-0.280324137664827,0.143361048122953,"lnVR","Tam"
"1439","Tam et al. 2020","Chao1","Smoke exposed_cecal","female",10,10,-0.583343485961191,0.123456790123457,"lnVR","Tam"
"1440","Tam et al. 2020","Chao1","Smoke exposed_cecal","male",10,10,-0.607323162034374,0.123456790123457,"lnVR","Tam"
"1441","Tam et al. 2020","Chao1","ovariectomy_cecal","female",10,10,-0.218222817984557,0.123456790123457,"lnVR","Tam"
"1442","Tashiro et al. 2020","Chao1","Cellulose","female",8,8,-0.334045400465132,0.163265306122449,"lnVR","Tashiro"
"1443","Tashiro et al. 2020","Chao1","Cellulose","male",8,8,0.431040420948817,0.163265306122449,"lnVR","Tashiro"
"1444","Tashiro et al. 2020","Chao1","Fiberfree","female",8,8,-0.158023788833391,0.163265306122449,"lnVR","Tashiro"
"1445","Tashiro et al. 2020","Chao1","Fiberfree","male",8,8,-0.292075328997652,0.163265306122449,"lnVR","Tashiro"
"1446","Tashiro et al. 2020","Chao1","Pectin","female",8,8,0.515018062250416,0.163265306122449,"lnVR","Tashiro"
"1447","Tashiro et al. 2020","Chao1","Pectin","male",8,8,0.356225328857146,0.163265306122449,"lnVR","Tashiro"
"1448","Velasco et al. 2021","Chao1","C57BL/6J","female",4,NA,NA,NA,"lnVR","Velasco"
"1449","Velasco et al. 2021","Chao1","C57BL/6J","male",4,NA,NA,NA,"lnVR","Velasco"
"1450","Velasco et al. 2021","Chao1","MRL/MpJ","female",NA,4,NA,NA,"lnVR","Velasco"
"1451","Velasco et al. 2021","Chao1","MRL/MpJ","male",NA,4,NA,NA,"lnVR","Velasco"
"1452","Weng et al. 2019","Chao1","APOE2_APP transgene +","female",NA,11,NA,NA,"lnVR","Weng"
"1453","Weng et al. 2019","Chao1","APOE2_APP transgene +","male",NA,6,NA,NA,"lnVR","Weng"
"1454","Weng et al. 2019","Chao1","APOE2_APP transgene -","female",NA,18,NA,NA,"lnVR","Weng"
"1455","Weng et al. 2019","Chao1","APOE2_APP transgene -","male",NA,16,NA,NA,"lnVR","Weng"
"1456","Weng et al. 2019","Chao1","APOE3_APP transgene +","female",NA,21,NA,NA,"lnVR","Weng"
"1457","Weng et al. 2019","Chao1","APOE3_APP transgene +","male",NA,13,NA,NA,"lnVR","Weng"
"1458","Weng et al. 2019","Chao1","APOE3_APP transgene -","female",NA,15,NA,NA,"lnVR","Weng"
"1459","Weng et al. 2019","Chao1","APOE3_APP transgene -","male",NA,20,NA,NA,"lnVR","Weng"
"1460","Weng et al. 2019","Chao1","APOE4_APP transgene +","female",NA,24,NA,NA,"lnVR","Weng"
"1461","Weng et al. 2019","Chao1","APOE4_APP transgene +","male",NA,19,NA,NA,"lnVR","Weng"
"1462","Weng et al. 2019","Chao1","APOE4_APP transgene -","female",NA,24,NA,NA,"lnVR","Weng"
"1463","Weng et al. 2019","Chao1","APOE4_APP transgene -","male",NA,32,NA,NA,"lnVR","Weng"
"1464","Wolfe et al. 2020","Chao1","Smad3-/-_CRC_SFB+_cecal","female",NA,7,NA,NA,"lnVR","Wolfe"
"1465","Wolfe et al. 2020","Chao1","Smad3-/-_CRC_SFB+_cecal","male",NA,1,NA,NA,"lnVR","Wolfe"
"1466","Wolfe et al. 2020","Chao1","Smad3-/-_CRC_SFB+_fecal","female",NA,68,NA,NA,"lnVR","Wolfe"
"1467","Wolfe et al. 2020","Chao1","Smad3-/-_CRC_SFB+_fecal","male",NA,10,NA,NA,"lnVR","Wolfe"
"1468","Wolfe et al. 2020","Chao1","Smad3-/-_CRC_SFB-_cecal","female",NA,7,NA,NA,"lnVR","Wolfe"
"1469","Wolfe et al. 2020","Chao1","Smad3-/-_CRC_SFB-_cecal","male",NA,2,NA,NA,"lnVR","Wolfe"
"1470","Wolfe et al. 2020","Chao1","Smad3-/-_CRC_SFB-_fecal","female",NA,83,NA,NA,"lnVR","Wolfe"
"1471","Wolfe et al. 2020","Chao1","Smad3-/-_CRC_SFB-_fecal","male",NA,34,NA,NA,"lnVR","Wolfe"
"1472","Wolfe et al. 2020","Chao1","Smad3-/-_healthy_SFB+_cecal","female",NA,5,NA,NA,"lnVR","Wolfe"
"1473","Wolfe et al. 2020","Chao1","Smad3-/-_healthy_SFB+_cecal","male",NA,15,NA,NA,"lnVR","Wolfe"
"1474","Wolfe et al. 2020","Chao1","Smad3-/-_healthy_SFB+_fecal","female",NA,49,NA,NA,"lnVR","Wolfe"
"1475","Wolfe et al. 2020","Chao1","Smad3-/-_healthy_SFB+_fecal","male",NA,156,NA,NA,"lnVR","Wolfe"
"1476","Wolfe et al. 2020","Chao1","Smad3-/-_healthy_SFB-_cecal","female",NA,10,NA,NA,"lnVR","Wolfe"
"1477","Wolfe et al. 2020","Chao1","Smad3-/-_healthy_SFB-_cecal","male",NA,15,NA,NA,"lnVR","Wolfe"
"1478","Wolfe et al. 2020","Chao1","Smad3-/-_healthy_SFB-_fecal","female",NA,135,NA,NA,"lnVR","Wolfe"
"1479","Wolfe et al. 2020","Chao1","Smad3-/-_healthy_SFB-_fecal","male",NA,158,NA,NA,"lnVR","Wolfe"
"1480","Zajac et al. 2022","Chao1","APOE2/E2_cecal","female",NA,6,NA,NA,"lnVR","Zajac"
"1481","Zajac et al. 2022","Chao1","APOE2/E2_cecal","male",NA,5,NA,NA,"lnVR","Zajac"
"1482","Zajac et al. 2022","Chao1","APOE2/E2_fecal","female",NA,21,NA,NA,"lnVR","Zajac"
"1483","Zajac et al. 2022","Chao1","APOE2/E2_fecal","male",NA,15,NA,NA,"lnVR","Zajac"
"1484","Zajac et al. 2022","Chao1","APOE2/E2_small bowel","female",NA,3,NA,NA,"lnVR","Zajac"
"1485","Zajac et al. 2022","Chao1","APOE2/E2_small bowel","male",NA,2,NA,NA,"lnVR","Zajac"
"1486","Zajac et al. 2022","Chao1","APOE2/E3_cecal","female",NA,10,NA,NA,"lnVR","Zajac"
"1487","Zajac et al. 2022","Chao1","APOE2/E3_cecal","male",NA,7,NA,NA,"lnVR","Zajac"
"1488","Zajac et al. 2022","Chao1","APOE2/E3_fecal","female",NA,36,NA,NA,"lnVR","Zajac"
"1489","Zajac et al. 2022","Chao1","APOE2/E3_fecal","male",NA,21,NA,NA,"lnVR","Zajac"
"1490","Zajac et al. 2022","Chao1","APOE2/E3_small bowel","male",NA,1,NA,NA,"lnVR","Zajac"
"1491","Zajac et al. 2022","Chao1","APOE2_fecal","female",NA,7,NA,NA,"lnVR","Zajac"
"1492","Zajac et al. 2022","Chao1","APOE2_fecal","male",NA,8,NA,NA,"lnVR","Zajac"
"1493","Zajac et al. 2022","Chao1","APOE3/E3_cecal","female",NA,5,NA,NA,"lnVR","Zajac"
"1494","Zajac et al. 2022","Chao1","APOE3/E3_cecal","male",NA,13,NA,NA,"lnVR","Zajac"
"1495","Zajac et al. 2022","Chao1","APOE3/E3_fecal","female",NA,15,NA,NA,"lnVR","Zajac"
"1496","Zajac et al. 2022","Chao1","APOE3/E3_fecal","male",NA,41,NA,NA,"lnVR","Zajac"
"1497","Zajac et al. 2022","Chao1","APOE3/E3_small bowel","female",NA,2,NA,NA,"lnVR","Zajac"
"1498","Zajac et al. 2022","Chao1","APOE3/E3_small bowel","male",NA,4,NA,NA,"lnVR","Zajac"
"1499","Zajac et al. 2022","Chao1","APOE3/E4_cecal","female",NA,8,NA,NA,"lnVR","Zajac"
"1500","Zajac et al. 2022","Chao1","APOE3/E4_cecal","male",NA,10,NA,NA,"lnVR","Zajac"
"1501","Zajac et al. 2022","Chao1","APOE3/E4_fecal","female",NA,23,NA,NA,"lnVR","Zajac"
"1502","Zajac et al. 2022","Chao1","APOE3/E4_fecal","male",NA,32,NA,NA,"lnVR","Zajac"
"1503","Zajac et al. 2022","Chao1","APOE3/E4_small bowel","female",NA,1,NA,NA,"lnVR","Zajac"
"1504","Zajac et al. 2022","Chao1","APOE3_fecal","female",NA,7,NA,NA,"lnVR","Zajac"
"1505","Zajac et al. 2022","Chao1","APOE3_fecal","male",NA,6,NA,NA,"lnVR","Zajac"
"1506","Zajac et al. 2022","Chao1","APOE4/E4_cecal","female",NA,4,NA,NA,"lnVR","Zajac"
"1507","Zajac et al. 2022","Chao1","APOE4/E4_cecal","male",NA,5,NA,NA,"lnVR","Zajac"
"1508","Zajac et al. 2022","Chao1","APOE4/E4_fecal","female",NA,19,NA,NA,"lnVR","Zajac"
"1509","Zajac et al. 2022","Chao1","APOE4/E4_fecal","male",NA,15,NA,NA,"lnVR","Zajac"
"1510","Zajac et al. 2022","Chao1","APOE4/E4_small bowel","female",NA,3,NA,NA,"lnVR","Zajac"
"1511","Zajac et al. 2022","Chao1","APOE4/E4_small bowel","male",NA,3,NA,NA,"lnVR","Zajac"
"1512","Zajac et al. 2022","Chao1","APOE4_fecal","female",NA,7,NA,NA,"lnVR","Zajac"
"1513","Zajac et al. 2022","Chao1","APOE4_fecal","male",NA,7,NA,NA,"lnVR","Zajac"
"1514","Zou et al. 2021","Chao1","Glrx1 KO + High fat chow","female",4,4,-0.328149147809479,0.444444444444444,"lnVR","Zou"
"1515","Zou et al. 2021","Chao1","Glrx1 KO + High fat chow","male",4,4,-0.521575323987222,0.444444444444444,"lnVR","Zou"
"1516","Zou et al. 2021","Chao1","Glrx1 KO + Standard chow","female",4,3,-0.363094072449481,0.597222222222222,"lnVR","Zou"
"1517","Zou et al. 2021","Chao1","Glrx1 KO + Standard chow","male",4,2,-1.27610498753439,1.22222222222222,"lnVR","Zou"
"1518","Zou et al. 2021","Chao1","High fat chow","female",4,5,-0.426891045495356,0.378472222222222,"lnVR","Zou"
"1519","Zou et al. 2021","Chao1","High fat chow","male",4,5,-0.240708381098557,0.378472222222222,"lnVR","Zou"
"1520","Cheema & Pluznick 2019","Evenness","Ang II infusion","female",3,3,-0.712385515897968,0.75,"lnVR","Cheema"
"1521","Cheema & Pluznick 2019","Evenness","Ang II infusion","male",3,3,-0.626026040074993,0.75,"lnVR","Cheema"
"1522","Ellis et al. 2021","Evenness","13C11MK4_cecal","female",7,7,0.206900322103611,0.194444444444444,"lnVR","Ellis"
"1523","Ellis et al. 2021","Evenness","13C11MK4_cecal","male",7,7,0.445313936545762,0.194444444444444,"lnVR","Ellis"
"1524","Ellis et al. 2021","Evenness","2H7MK7_cecal","female",7,7,0.436509616646683,0.194444444444444,"lnVR","Ellis"
"1525","Ellis et al. 2021","Evenness","2H7MK7_cecal","male",7,7,0.142205747423645,0.194444444444444,"lnVR","Ellis"
"1526","Ellis et al. 2021","Evenness","2H7MK9_cecal","female",7,7,0.26630923471855,0.194444444444444,"lnVR","Ellis"
"1527","Ellis et al. 2021","Evenness","2H7MK9_cecal","male",7,7,-0.213314045379537,0.194444444444444,"lnVR","Ellis"
"1528","Ellis et al. 2021","Evenness","2H7PK_cecal","female",7,7,0.228783854286445,0.194444444444444,"lnVR","Ellis"
"1529","Ellis et al. 2021","Evenness","2H7PK_cecal","male",7,7,0.611365706129606,0.194444444444444,"lnVR","Ellis"
"1530","Ellis et al. 2021","Evenness","Combo_cecal","female",7,9,0.0857343213448642,0.167534722222222,"lnVR","Ellis"
"1531","Ellis et al. 2021","Evenness","Combo_cecal","male",7,10,0.369219581893972,0.158950617283951,"lnVR","Ellis"
"1532","Ellis et al. 2021","Evenness","MK4_cecal","female",7,10,0.544755753823457,0.158950617283951,"lnVR","Ellis"
"1533","Ellis et al. 2021","Evenness","MK4_cecal","male",7,10,0.195465748028229,0.158950617283951,"lnVR","Ellis"
"1534","Ellis et al. 2021","Evenness","MK9_cecal","female",7,9,0.171214691348976,0.167534722222222,"lnVR","Ellis"
"1535","Ellis et al. 2021","Evenness","MK9_cecal","male",7,9,0.263329539874123,0.167534722222222,"lnVR","Ellis"
"1536","Ellis et al. 2021","Evenness","PK_cecal","female",7,9,0.333101901937323,0.167534722222222,"lnVR","Ellis"
"1537","Ellis et al. 2021","Evenness","PK_cecal","male",7,10,0.240224003613885,0.158950617283951,"lnVR","Ellis"
"1538","Ellis et al. 2021","Evenness","VKdef_cecal","female",7,9,0.407757261743892,0.167534722222222,"lnVR","Ellis"
"1539","Ellis et al. 2021","Evenness","VKdef_cecal","male",7,8,0.13630787584725,0.178854875283447,"lnVR","Ellis"
"1540","Gubert et al. 2022","Evenness","R6/1_Enviromental enrichment ","female",8,7,0.0339179320424103,0.178854875283447,"lnVR","Gubert"
"1541","Gubert et al. 2022","Evenness","R6/1_Enviromental enrichment ","female",8,7,-0.173517133498831,0.178854875283447,"lnVR","Gubert"
"1542","Gubert et al. 2022","Evenness","R6/1_Enviromental enrichment ","male",8,8,-0.108812255288342,0.163265306122449,"lnVR","Gubert"
"1543","Gubert et al. 2022","Evenness","R6/1_Enviromental enrichment ","male",8,8,-0.392544537944939,0.163265306122449,"lnVR","Gubert"
"1544","Gubert et al. 2022","Evenness","R6/1_Exercise","female",8,8,0.0252328706873779,0.163265306122449,"lnVR","Gubert"
"1545","Gubert et al. 2022","Evenness","R6/1_Exercise","female",8,8,-0.182202194853863,0.163265306122449,"lnVR","Gubert"
"1546","Gubert et al. 2022","Evenness","R6/1_Exercise","male",8,8,-0.57665913016166,0.163265306122449,"lnVR","Gubert"
"1547","Gubert et al. 2022","Evenness","R6/1_Exercise","male",8,8,-0.860391412818258,0.163265306122449,"lnVR","Gubert"
"1548","Gubert et al. 2022","Evenness","WT_Enviromental enrichment ","female",8,8,-0.0393397369988906,0.163265306122449,"lnVR","Gubert"
"1549","Gubert et al. 2022","Evenness","WT_Enviromental enrichment ","female",8,8,-0.246774802540131,0.163265306122449,"lnVR","Gubert"
"1550","Gubert et al. 2022","Evenness","WT_Enviromental enrichment ","male",8,8,0.213938164174945,0.163265306122449,"lnVR","Gubert"
"1551","Gubert et al. 2022","Evenness","WT_Enviromental enrichment ","male",8,8,-0.0697941184816522,0.163265306122449,"lnVR","Gubert"
"1552","Gubert et al. 2022","Evenness","WT_Exercise","female",8,8,-0.613798259964164,0.163265306122449,"lnVR","Gubert"
"1553","Gubert et al. 2022","Evenness","WT_Exercise","female",8,8,-0.821233325505405,0.163265306122449,"lnVR","Gubert"
"1554","Gubert et al. 2022","Evenness","WT_Exercise","male",8,8,-0.254051302306307,0.163265306122449,"lnVR","Gubert"
"1555","Gubert et al. 2022","Evenness","WT_Exercise","male",8,8,-0.537783584962905,0.163265306122449,"lnVR","Gubert"
"1556","Ibrahim et al. 2019","Evenness","AOM/DSS","female",4,3,0.659764747198316,0.597222222222222,"lnVR","Ibrahim"
"1557","Ibrahim et al. 2019","Evenness","AOM/DSS","female",4,3,0.44290408454451,0.597222222222222,"lnVR","Ibrahim"
"1558","Ibrahim et al. 2019","Evenness","AOM/DSS","male",4,7,-0.523271347937511,0.319444444444444,"lnVR","Ibrahim"
"1559","Ibrahim et al. 2019","Evenness","AOM/DSS","male",4,7,0.753170535737118,0.319444444444444,"lnVR","Ibrahim"
"1560","Ibrahim et al. 2019","Evenness","AOM/DSS-ERbKOVil","female",4,6,0.185957948365663,0.342222222222222,"lnVR","Ibrahim"
"1561","Ibrahim et al. 2019","Evenness","AOM/DSS-ERbKOVil","female",4,6,-0.0309027142881428,0.342222222222222,"lnVR","Ibrahim"
"1562","Ibrahim et al. 2019","Evenness","AOM/DSS-ERbKOVil","male",4,7,-0.865213570110443,0.319444444444444,"lnVR","Ibrahim"
"1563","Ibrahim et al. 2019","Evenness","AOM/DSS-ERbKOVil","male",4,7,0.411228313564186,0.319444444444444,"lnVR","Ibrahim"
"1564","Kozik et al. 2019","Evenness","Colitis-cecal","female",3,7,-0.0070234083510371,0.472222222222222,"lnVR","Kozik"
"1565","Kozik et al. 2019","Evenness","Colitis-cecal","female",3,7,-1.63988593636324,0.472222222222222,"lnVR","Kozik"
"1566","Kozik et al. 2019","Evenness","Colitis-cecal","female",3,7,-1.36638874013539,0.472222222222222,"lnVR","Kozik"
"1567","Kozik et al. 2019","Evenness","Colitis-cecal","female",3,7,-0.0937019412437435,0.472222222222222,"lnVR","Kozik"
"1568","Kozik et al. 2019","Evenness","Colitis-cecal","male",2,7,-0.375859230797442,1.09722222222222,"lnVR","Kozik"
"1569","Kozik et al. 2019","Evenness","Colitis-cecal","male",2,7,-0.253052831798879,1.09722222222222,"lnVR","Kozik"
"1570","Kozik et al. 2019","Evenness","Colitis-cecal","male",2,7,-0.872959491966797,1.09722222222222,"lnVR","Kozik"
"1571","Kozik et al. 2019","Evenness","Colitis-colonMucus","female",3,4,0.68031295070366,0.597222222222222,"lnVR","Kozik"
"1572","Kozik et al. 2019","Evenness","Colitis-colonMucus","female",3,4,-0.952549577308545,0.597222222222222,"lnVR","Kozik"
"1573","Kozik et al. 2019","Evenness","Colitis-colonMucus","female",3,4,-0.679052381080688,0.597222222222222,"lnVR","Kozik"
"1574","Kozik et al. 2019","Evenness","Colitis-colonMucus","female",3,4,0.593634417810954,0.597222222222222,"lnVR","Kozik"
"1575","Kozik et al. 2019","Evenness","Colitis-colonMucus","male",2,5,-0.0817647499270711,1.15625,"lnVR","Kozik"
"1576","Kozik et al. 2019","Evenness","Colitis-colonMucus","male",2,5,0.0410416490714918,1.15625,"lnVR","Kozik"
"1577","Kozik et al. 2019","Evenness","Colitis-colonMucus","male",2,5,-0.578865011096426,1.15625,"lnVR","Kozik"
"1578","Kozik et al. 2019","Evenness","Colitis-colonMucus_T0","male",2,1,NA,NA,"lnVR","Kozik"
"1579","Kozik et al. 2019","Evenness","Colitis-colonMucus_T0","male",2,1,NA,NA,"lnVR","Kozik"
"1580","Kozik et al. 2019","Evenness","Colitis-colonMucus_T0","male",2,1,NA,NA,"lnVR","Kozik"
"1581","Kozik et al. 2019","Evenness","Colitis-fecal","female",3,7,-0.0812339310484649,0.472222222222222,"lnVR","Kozik"
"1582","Kozik et al. 2019","Evenness","Colitis-fecal","female",3,7,-1.71409645906067,0.472222222222222,"lnVR","Kozik"
"1583","Kozik et al. 2019","Evenness","Colitis-fecal","female",3,7,-1.44059926283281,0.472222222222222,"lnVR","Kozik"
"1584","Kozik et al. 2019","Evenness","Colitis-fecal","female",3,7,-0.167912463941171,0.472222222222222,"lnVR","Kozik"
"1585","Kozik et al. 2019","Evenness","Colitis-fecal","male",2,5,0.26632175053786,1.15625,"lnVR","Kozik"
"1586","Kozik et al. 2019","Evenness","Colitis-fecal","male",2,5,0.389128149536422,1.15625,"lnVR","Kozik"
"1587","Kozik et al. 2019","Evenness","Colitis-fecal","male",2,5,-0.230778510631495,1.15625,"lnVR","Kozik"
"1588","Kozik et al. 2019","Evenness","Colitis-fecal_T0","female",3,7,-0.0876448465128486,0.472222222222222,"lnVR","Kozik"
"1589","Kozik et al. 2019","Evenness","Colitis-fecal_T0","female",3,7,-1.72050737452505,0.472222222222222,"lnVR","Kozik"
"1590","Kozik et al. 2019","Evenness","Colitis-fecal_T0","female",3,7,-1.4470101782972,0.472222222222222,"lnVR","Kozik"
"1591","Kozik et al. 2019","Evenness","Colitis-fecal_T0","female",3,7,-0.174323379405555,0.472222222222222,"lnVR","Kozik"
"1592","Kozik et al. 2019","Evenness","Colitis-fecal_T0","male",2,7,0.496416596221937,1.09722222222222,"lnVR","Kozik"
"1593","Kozik et al. 2019","Evenness","Colitis-fecal_T0","male",2,7,0.619222995220499,1.09722222222222,"lnVR","Kozik"
"1594","Kozik et al. 2019","Evenness","Colitis-fecal_T0","male",2,7,-0.000683664947418672,1.09722222222222,"lnVR","Kozik"
"1595","Li et al. 2020","Evenness","Chow diet + STZ injection+ Distilled water ","female",NA,1,NA,NA,"lnVR","Li"
"1596","Li et al. 2020","Evenness","Chow diet + STZ injection+ Distilled water ","male",NA,5,NA,NA,"lnVR","Li"
"1597","Li et al. 2020","Evenness","HFD+ STZ injection + DNJ","female",NA,9,NA,NA,"lnVR","Li"
"1598","Li et al. 2020","Evenness","HFD+ STZ injection + DNJ","male",NA,1,NA,NA,"lnVR","Li"
"1599","Li et al. 2020","Evenness","HFD+ STZ injection+ Distilled water","female",NA,3,NA,NA,"lnVR","Li"
"1600","Lindheim et al. 2018","Evenness","PRJNA445979","female",NA,93,NA,NA,"lnVR","Lindheim"
"1601","Lindheim et al. 2018","Evenness","PRJNA445979","male",NA,76,NA,NA,"lnVR","Lindheim"
"1602","Lyte et al. 2022","Evenness","beef-chow","female",19,19,0.39184642189316,0.058641975308642,"lnVR","Lyte"
"1603","Lyte et al. 2022","Evenness","beef-chow","male",20,18,-0.70304259153291,0.0588426995370415,"lnVR","Lyte"
"1604","Lyte et al. 2022","Evenness","beef-chow-stress","female",19,20,0.183968107834808,0.0570218186792517,"lnVR","Lyte"
"1605","Lyte et al. 2022","Evenness","beef-chow-stress","male",20,18,-0.617656718970824,0.0588426995370415,"lnVR","Lyte"
"1606","Lyte et al. 2022","Evenness","chow-stress","female",19,20,0.271689887404407,0.0570218186792517,"lnVR","Lyte"
"1607","Lyte et al. 2022","Evenness","chow-stress","male",20,20,-0.352212250614528,0.0554016620498615,"lnVR","Lyte"
"1608","Pizarro et al. 2021","Evenness","Water-T0","female",8,NA,NA,NA,"lnVR","Pizarro"
"1609","Pizarro et al. 2021","Evenness","Water-T0","male",10,NA,NA,NA,"lnVR","Pizarro"
"1610","Pizarro et al. 2021","Evenness","EtOH-Syn-T1","female",NA,8,NA,NA,"lnVR","Pizarro"
"1611","Pizarro et al. 2021","Evenness","EtOH-Syn-T1","male",NA,10,NA,NA,"lnVR","Pizarro"
"1612","Pizarro et al. 2021","Evenness","EtOH-T1","female",NA,8,NA,NA,"lnVR","Pizarro"
"1613","Pizarro et al. 2021","Evenness","EtOH-T1","male",NA,10,NA,NA,"lnVR","Pizarro"
"1614","Pizarro et al. 2021","Evenness","Symbiotic-T0","female",NA,8,NA,NA,"lnVR","Pizarro"
"1615","Pizarro et al. 2021","Evenness","Symbiotic-T0","male",NA,10,NA,NA,"lnVR","Pizarro"
"1616","Ramakrishna et al. 2020","Evenness","ACV+IVIG-injected","female",3,4,0.245858523310391,0.597222222222222,"lnVR","Ramakrishna"
"1617","Ramakrishna et al. 2020","Evenness","ACV+IVIG-injected","male",2,1,NA,NA,"lnVR","Ramakrishna"
"1618","Ramakrishna et al. 2020","Evenness","ACV-injected","female",3,2,1.41945212587938,1.375,"lnVR","Ramakrishna"
"1619","Ramakrishna et al. 2020","Evenness","ACV-injected","male",2,3,0.891681824149962,1.375,"lnVR","Ramakrishna"
"1620","Ramakrishna et al. 2020","Evenness","HSV1-infected","female",3,5,-0.573655090187552,0.53125,"lnVR","Ramakrishna"
"1621","Ramakrishna et al. 2020","Evenness","HSV1-infected","male",2,4,0.207585369068082,1.22222222222222,"lnVR","Ramakrishna"
"1622","Ramakrishna et al. 2020","Evenness","HSV1-infected; ACV+IVIG-injected","female",3,3,0.514502904191475,0.75,"lnVR","Ramakrishna"
"1623","Ramakrishna et al. 2020","Evenness","HSV1-infected; ACV+IVIG-injected","male",2,2,-0.177757761671436,2,"lnVR","Ramakrishna"
"1624","Ramakrishna et al. 2020","Evenness","HSV1-infected; ACV-injected","female",3,1,NA,NA,"lnVR","Ramakrishna"
"1625","Ramakrishna et al. 2020","Evenness","HSV1-infected; ACV-injected","male",2,1,NA,NA,"lnVR","Ramakrishna"
"1626","Ramakrishna et al. 2020","Evenness","HSV1-infected; IVIG-injected","female",3,1,NA,NA,"lnVR","Ramakrishna"
"1627","Ramakrishna et al. 2020","Evenness","HSV1-infected; IVIG-injected","male",2,3,0.753766556137344,1.375,"lnVR","Ramakrishna"
"1628","Ramakrishna et al. 2020","Evenness","IVIG-injected","female",3,5,0.364624376455896,0.53125,"lnVR","Ramakrishna"
"1629","Ramakrishna et al. 2020","Evenness","IVIG-injected","male",2,5,-0.512677711750361,1.15625,"lnVR","Ramakrishna"
"1630","Son et al. 2019","Evenness","IL-10 Knockout ","female",8,8,-0.397960208506511,0.163265306122449,"lnVR","Son"
"1631","Son et al. 2019","Evenness","IL-10 Knockout ","male",8,8,1.5232671595126,0.163265306122449,"lnVR","Son"
"1632","Song et al. 2020","Evenness","AOM/DSS","male",5,12,-0.739409016005051,0.205836776859504,"lnVR","Song"
"1633","Song et al. 2020","Evenness","AOM/DSS E2-supplemented","male",5,12,-0.337026601634385,0.205836776859504,"lnVR","Song"
"1634","Song et al. 2020","Evenness","E2-supplemented","male",5,12,-0.604015234915787,0.205836776859504,"lnVR","Song"
"1635","Song et al. 2020","Evenness","ovariectomized ","female",11,7,0.110774930954447,0.152222222222222,"lnVR","Song"
"1636","Song et al. 2021","Evenness","AOM/DSS","female",8,8,-0.296421459936052,0.163265306122449,"lnVR","Song"
"1637","Song et al. 2021","Evenness","AOM/DSS","male",8,8,1.04900816987007,0.163265306122449,"lnVR","Song"
"1638","Song et al. 2021","Evenness","AOM/DSS-Nrf2KO","female",8,8,-0.260411448460187,0.163265306122449,"lnVR","Song"
"1639","Song et al. 2021","Evenness","AOM/DSS-Nrf2KO","male",8,8,0.86637491334006,0.163265306122449,"lnVR","Song"
"1640","Song et al. 2021","Evenness","Nrf2KO","female",8,8,-0.6780085888619,0.163265306122449,"lnVR","Song"
"1641","Song et al. 2021","Evenness","Nrf2KO","male",8,8,1.05205715855226,0.163265306122449,"lnVR","Song"
"1642","Song et al. 2022","Evenness","AOM/DSS","female",4,7,0.864074955857537,0.319444444444444,"lnVR","Song"
"1643","Song et al. 2022","Evenness","AOM/DSS","male",4,10,-0.207356320091965,0.283950617283951,"lnVR","Song"
"1644","Song et al. 2022","Evenness","AOM/DSS_ steroid-injected","female",4,4,1.02815772348772,0.444444444444444,"lnVR","Song"
"1645","Song et al. 2022","Evenness","AOM/DSS_ steroid-injected","male",4,8,-0.148255686623561,0.303854875283447,"lnVR","Song"
"1646","Song et al. 2022","Evenness","orchiectomized","male",4,4,-0.329374108854095,0.444444444444444,"lnVR","Song"
"1647","Song et al. 2022","Evenness","orchiectomized_ AOM/DSS","male",4,10,0.167870357636816,0.283950617283951,"lnVR","Song"
"1648","Song et al. 2022","Evenness","orchiectomized_ AOM/DSS_ steroid-injected","male",4,6,-0.262641902893817,0.342222222222222,"lnVR","Song"
"1649","Sun et al. 2020","Evenness","High fat","female",8,7,-0.239584523882808,0.178854875283447,"lnVR","Sun"
"1650","Sun et al. 2020","Evenness","High fat","male",8,8,-0.408563742505274,0.163265306122449,"lnVR","Sun"
"1651","Sun et al. 2020","Evenness","Pomctm1/tm1","female",8,8,-0.092353332697218,0.163265306122449,"lnVR","Sun"
"1652","Sun et al. 2020","Evenness","Pomctm1/tm1","male",8,8,0.355120779679495,0.163265306122449,"lnVR","Sun"
"1653","Sun et al. 2020","Evenness","Pomctm1/tm1, High fat","female",8,7,-0.339730083172191,0.178854875283447,"lnVR","Sun"
"1654","Sun et al. 2020","Evenness","Pomctm1/tm1, High fat","male",8,8,0.472134321916772,0.163265306122449,"lnVR","Sun"
"1655","Tam et al. 2020","Evenness","""Smoke exposed, ovariectomy""_cecal","female",10,8,0.159135096646172,0.143361048122953,"lnVR","Tam"
"1656","Tam et al. 2020","Evenness","Smoke exposed_cecal","female",10,10,-0.201690236698615,0.123456790123457,"lnVR","Tam"
"1657","Tam et al. 2020","Evenness","Smoke exposed_cecal","male",10,10,0.034466091543958,0.123456790123457,"lnVR","Tam"
"1658","Tam et al. 2020","Evenness","ovariectomy_cecal","female",10,10,0.22013368547036,0.123456790123457,"lnVR","Tam"
"1659","Tashiro et al. 2020","Evenness","Cellulose","female",8,8,-0.387552434554063,0.163265306122449,"lnVR","Tashiro"
"1660","Tashiro et al. 2020","Evenness","Cellulose","male",8,8,-0.104735514124665,0.163265306122449,"lnVR","Tashiro"
"1661","Tashiro et al. 2020","Evenness","Fiberfree","female",8,8,-0.62531640719594,0.163265306122449,"lnVR","Tashiro"
"1662","Tashiro et al. 2020","Evenness","Fiberfree","male",8,8,-1.1369383613049,0.163265306122449,"lnVR","Tashiro"
"1663","Tashiro et al. 2020","Evenness","Pectin","female",8,8,-0.676709394518214,0.163265306122449,"lnVR","Tashiro"
"1664","Tashiro et al. 2020","Evenness","Pectin","male",8,8,-0.117050085868693,0.163265306122449,"lnVR","Tashiro"
"1665","Velasco et al. 2021","Evenness","C57BL/6J","female",4,NA,NA,NA,"lnVR","Velasco"
"1666","Velasco et al. 2021","Evenness","C57BL/6J","male",4,NA,NA,NA,"lnVR","Velasco"
"1667","Velasco et al. 2021","Evenness","MRL/MpJ","female",NA,4,NA,NA,"lnVR","Velasco"
"1668","Velasco et al. 2021","Evenness","MRL/MpJ","male",NA,4,NA,NA,"lnVR","Velasco"
"1669","Weng et al. 2019","Evenness","APOE2_APP transgene +","female",NA,11,NA,NA,"lnVR","Weng"
"1670","Weng et al. 2019","Evenness","APOE2_APP transgene +","male",NA,6,NA,NA,"lnVR","Weng"
"1671","Weng et al. 2019","Evenness","APOE2_APP transgene -","female",NA,18,NA,NA,"lnVR","Weng"
"1672","Weng et al. 2019","Evenness","APOE2_APP transgene -","male",NA,16,NA,NA,"lnVR","Weng"
"1673","Weng et al. 2019","Evenness","APOE3_APP transgene +","female",NA,21,NA,NA,"lnVR","Weng"
"1674","Weng et al. 2019","Evenness","APOE3_APP transgene +","male",NA,13,NA,NA,"lnVR","Weng"
"1675","Weng et al. 2019","Evenness","APOE3_APP transgene -","female",NA,15,NA,NA,"lnVR","Weng"
"1676","Weng et al. 2019","Evenness","APOE3_APP transgene -","male",NA,20,NA,NA,"lnVR","Weng"
"1677","Weng et al. 2019","Evenness","APOE4_APP transgene +","female",NA,24,NA,NA,"lnVR","Weng"
"1678","Weng et al. 2019","Evenness","APOE4_APP transgene +","male",NA,19,NA,NA,"lnVR","Weng"
"1679","Weng et al. 2019","Evenness","APOE4_APP transgene -","female",NA,24,NA,NA,"lnVR","Weng"
"1680","Weng et al. 2019","Evenness","APOE4_APP transgene -","male",NA,32,NA,NA,"lnVR","Weng"
"1681","Wolfe et al. 2020","Evenness","Smad3-/-_CRC_SFB+_cecal","female",NA,7,NA,NA,"lnVR","Wolfe"
"1682","Wolfe et al. 2020","Evenness","Smad3-/-_CRC_SFB+_cecal","male",NA,1,NA,NA,"lnVR","Wolfe"
"1683","Wolfe et al. 2020","Evenness","Smad3-/-_CRC_SFB+_fecal","female",NA,68,NA,NA,"lnVR","Wolfe"
"1684","Wolfe et al. 2020","Evenness","Smad3-/-_CRC_SFB+_fecal","male",NA,10,NA,NA,"lnVR","Wolfe"
"1685","Wolfe et al. 2020","Evenness","Smad3-/-_CRC_SFB-_cecal","female",NA,7,NA,NA,"lnVR","Wolfe"
"1686","Wolfe et al. 2020","Evenness","Smad3-/-_CRC_SFB-_cecal","male",NA,2,NA,NA,"lnVR","Wolfe"
"1687","Wolfe et al. 2020","Evenness","Smad3-/-_CRC_SFB-_fecal","female",NA,83,NA,NA,"lnVR","Wolfe"
"1688","Wolfe et al. 2020","Evenness","Smad3-/-_CRC_SFB-_fecal","male",NA,34,NA,NA,"lnVR","Wolfe"
"1689","Wolfe et al. 2020","Evenness","Smad3-/-_healthy_SFB+_cecal","female",NA,5,NA,NA,"lnVR","Wolfe"
"1690","Wolfe et al. 2020","Evenness","Smad3-/-_healthy_SFB+_cecal","male",NA,15,NA,NA,"lnVR","Wolfe"
"1691","Wolfe et al. 2020","Evenness","Smad3-/-_healthy_SFB+_fecal","female",NA,49,NA,NA,"lnVR","Wolfe"
"1692","Wolfe et al. 2020","Evenness","Smad3-/-_healthy_SFB+_fecal","male",NA,156,NA,NA,"lnVR","Wolfe"
"1693","Wolfe et al. 2020","Evenness","Smad3-/-_healthy_SFB-_cecal","female",NA,10,NA,NA,"lnVR","Wolfe"
"1694","Wolfe et al. 2020","Evenness","Smad3-/-_healthy_SFB-_cecal","male",NA,15,NA,NA,"lnVR","Wolfe"
"1695","Wolfe et al. 2020","Evenness","Smad3-/-_healthy_SFB-_fecal","female",NA,135,NA,NA,"lnVR","Wolfe"
"1696","Wolfe et al. 2020","Evenness","Smad3-/-_healthy_SFB-_fecal","male",NA,158,NA,NA,"lnVR","Wolfe"
"1697","Zajac et al. 2022","Evenness","APOE2/E2_cecal","female",NA,6,NA,NA,"lnVR","Zajac"
"1698","Zajac et al. 2022","Evenness","APOE2/E2_cecal","male",NA,5,NA,NA,"lnVR","Zajac"
"1699","Zajac et al. 2022","Evenness","APOE2/E2_fecal","female",NA,21,NA,NA,"lnVR","Zajac"
"1700","Zajac et al. 2022","Evenness","APOE2/E2_fecal","male",NA,15,NA,NA,"lnVR","Zajac"
"1701","Zajac et al. 2022","Evenness","APOE2/E2_small bowel","female",NA,3,NA,NA,"lnVR","Zajac"
"1702","Zajac et al. 2022","Evenness","APOE2/E2_small bowel","male",NA,2,NA,NA,"lnVR","Zajac"
"1703","Zajac et al. 2022","Evenness","APOE2/E3_cecal","female",NA,10,NA,NA,"lnVR","Zajac"
"1704","Zajac et al. 2022","Evenness","APOE2/E3_cecal","male",NA,7,NA,NA,"lnVR","Zajac"
"1705","Zajac et al. 2022","Evenness","APOE2/E3_fecal","female",NA,36,NA,NA,"lnVR","Zajac"
"1706","Zajac et al. 2022","Evenness","APOE2/E3_fecal","male",NA,21,NA,NA,"lnVR","Zajac"
"1707","Zajac et al. 2022","Evenness","APOE2/E3_small bowel","male",NA,1,NA,NA,"lnVR","Zajac"
"1708","Zajac et al. 2022","Evenness","APOE2_fecal","female",NA,7,NA,NA,"lnVR","Zajac"
"1709","Zajac et al. 2022","Evenness","APOE2_fecal","male",NA,8,NA,NA,"lnVR","Zajac"
"1710","Zajac et al. 2022","Evenness","APOE3/E3_cecal","female",NA,5,NA,NA,"lnVR","Zajac"
"1711","Zajac et al. 2022","Evenness","APOE3/E3_cecal","male",NA,13,NA,NA,"lnVR","Zajac"
"1712","Zajac et al. 2022","Evenness","APOE3/E3_fecal","female",NA,15,NA,NA,"lnVR","Zajac"
"1713","Zajac et al. 2022","Evenness","APOE3/E3_fecal","male",NA,41,NA,NA,"lnVR","Zajac"
"1714","Zajac et al. 2022","Evenness","APOE3/E3_small bowel","female",NA,2,NA,NA,"lnVR","Zajac"
"1715","Zajac et al. 2022","Evenness","APOE3/E3_small bowel","male",NA,4,NA,NA,"lnVR","Zajac"
"1716","Zajac et al. 2022","Evenness","APOE3/E4_cecal","female",NA,8,NA,NA,"lnVR","Zajac"
"1717","Zajac et al. 2022","Evenness","APOE3/E4_cecal","male",NA,10,NA,NA,"lnVR","Zajac"
"1718","Zajac et al. 2022","Evenness","APOE3/E4_fecal","female",NA,23,NA,NA,"lnVR","Zajac"
"1719","Zajac et al. 2022","Evenness","APOE3/E4_fecal","male",NA,32,NA,NA,"lnVR","Zajac"
"1720","Zajac et al. 2022","Evenness","APOE3/E4_small bowel","female",NA,1,NA,NA,"lnVR","Zajac"
"1721","Zajac et al. 2022","Evenness","APOE3_fecal","female",NA,7,NA,NA,"lnVR","Zajac"
"1722","Zajac et al. 2022","Evenness","APOE3_fecal","male",NA,6,NA,NA,"lnVR","Zajac"
"1723","Zajac et al. 2022","Evenness","APOE4/E4_cecal","female",NA,4,NA,NA,"lnVR","Zajac"
"1724","Zajac et al. 2022","Evenness","APOE4/E4_cecal","male",NA,5,NA,NA,"lnVR","Zajac"
"1725","Zajac et al. 2022","Evenness","APOE4/E4_fecal","female",NA,19,NA,NA,"lnVR","Zajac"
"1726","Zajac et al. 2022","Evenness","APOE4/E4_fecal","male",NA,15,NA,NA,"lnVR","Zajac"
"1727","Zajac et al. 2022","Evenness","APOE4/E4_small bowel","female",NA,3,NA,NA,"lnVR","Zajac"
"1728","Zajac et al. 2022","Evenness","APOE4/E4_small bowel","male",NA,3,NA,NA,"lnVR","Zajac"
"1729","Zajac et al. 2022","Evenness","APOE4_fecal","female",NA,7,NA,NA,"lnVR","Zajac"
"1730","Zajac et al. 2022","Evenness","APOE4_fecal","male",NA,7,NA,NA,"lnVR","Zajac"
"1731","Zou et al. 2021","Evenness","Glrx1 KO + High fat chow","female",4,4,-0.601374400308323,0.444444444444444,"lnVR","Zou"
"1732","Zou et al. 2021","Evenness","Glrx1 KO + High fat chow","male",4,4,1.0833400842695,0.444444444444444,"lnVR","Zou"
"1733","Zou et al. 2021","Evenness","Glrx1 KO + Standard chow","female",4,3,-0.314085347616629,0.597222222222222,"lnVR","Zou"
"1734","Zou et al. 2021","Evenness","Glrx1 KO + Standard chow","male",4,2,0.0714060191732904,1.22222222222222,"lnVR","Zou"
"1735","Zou et al. 2021","Evenness","High fat chow","female",4,5,-1.33770795673198,0.378472222222222,"lnVR","Zou"
"1736","Zou et al. 2021","Evenness","High fat chow","male",4,5,0.762398368142998,0.378472222222222,"lnVR","Zou"
"1737","Cheema & Pluznick 2019","Richness","Ang II infusion","female",3,3,-1.24252553227372,0.75,"lnVR","Cheema"
"1738","Cheema & Pluznick 2019","Richness","Ang II infusion","male",3,3,-0.740714422882599,0.75,"lnVR","Cheema"
"1739","Ellis et al. 2021","Richness","13C11MK4_cecal","female",7,7,0.41783403934962,0.194444444444444,"lnVR","Ellis"
"1740","Ellis et al. 2021","Richness","13C11MK4_cecal","male",7,7,-1.36721300388351,0.194444444444444,"lnVR","Ellis"
"1741","Ellis et al. 2021","Richness","2H7MK7_cecal","female",7,7,0.395523594946776,0.194444444444444,"lnVR","Ellis"
"1742","Ellis et al. 2021","Richness","2H7MK7_cecal","male",7,7,-0.967398966018913,0.194444444444444,"lnVR","Ellis"
"1743","Ellis et al. 2021","Richness","2H7MK9_cecal","female",7,7,0.713706578800609,0.194444444444444,"lnVR","Ellis"
"1744","Ellis et al. 2021","Richness","2H7MK9_cecal","male",7,7,-1.20431415119636,0.194444444444444,"lnVR","Ellis"
"1745","Ellis et al. 2021","Richness","2H7PK_cecal","female",7,7,0.703560936603126,0.194444444444444,"lnVR","Ellis"
"1746","Ellis et al. 2021","Richness","2H7PK_cecal","male",7,7,-0.757410252517302,0.194444444444444,"lnVR","Ellis"
"1747","Ellis et al. 2021","Richness","Combo_cecal","female",7,9,1.13460861457104,0.167534722222222,"lnVR","Ellis"
"1748","Ellis et al. 2021","Richness","Combo_cecal","male",7,10,-0.981952205700308,0.158950617283951,"lnVR","Ellis"
"1749","Ellis et al. 2021","Richness","MK4_cecal","female",7,10,0.958258390258618,0.158950617283951,"lnVR","Ellis"
"1750","Ellis et al. 2021","Richness","MK4_cecal","male",7,10,-0.658538544070346,0.158950617283951,"lnVR","Ellis"
"1751","Ellis et al. 2021","Richness","MK9_cecal","female",7,9,0.848848831711228,0.167534722222222,"lnVR","Ellis"
"1752","Ellis et al. 2021","Richness","MK9_cecal","male",7,9,-0.675351927175119,0.167534722222222,"lnVR","Ellis"
"1753","Ellis et al. 2021","Richness","PK_cecal","female",7,9,0.872956451446724,0.167534722222222,"lnVR","Ellis"
"1754","Ellis et al. 2021","Richness","PK_cecal","male",7,10,0.0531784705757579,0.158950617283951,"lnVR","Ellis"
"1755","Ellis et al. 2021","Richness","VKdef_cecal","female",7,9,1.20254100837045,0.167534722222222,"lnVR","Ellis"
"1756","Ellis et al. 2021","Richness","VKdef_cecal","male",7,8,-0.715381528498922,0.178854875283447,"lnVR","Ellis"
"1757","Gubert et al. 2022","Richness","R6/1_Enviromental enrichment ","female",8,7,-0.459323787106154,0.178854875283447,"lnVR","Gubert"
"1758","Gubert et al. 2022","Richness","R6/1_Enviromental enrichment ","female",8,7,-0.50593843245642,0.178854875283447,"lnVR","Gubert"
"1759","Gubert et al. 2022","Richness","R6/1_Enviromental enrichment ","male",8,8,0.253121311479862,0.163265306122449,"lnVR","Gubert"
"1760","Gubert et al. 2022","Richness","R6/1_Enviromental enrichment ","male",8,8,0.160381603388646,0.163265306122449,"lnVR","Gubert"
"1761","Gubert et al. 2022","Richness","R6/1_Exercise","female",8,8,-0.15916775767032,0.163265306122449,"lnVR","Gubert"
"1762","Gubert et al. 2022","Richness","R6/1_Exercise","female",8,8,-0.205782403020586,0.163265306122449,"lnVR","Gubert"
"1763","Gubert et al. 2022","Richness","R6/1_Exercise","male",8,8,0.118778579639422,0.163265306122449,"lnVR","Gubert"
"1764","Gubert et al. 2022","Richness","R6/1_Exercise","male",8,8,0.0260388715482063,0.163265306122449,"lnVR","Gubert"
"1765","Gubert et al. 2022","Richness","WT_Enviromental enrichment ","female",8,8,-0.351831682072708,0.163265306122449,"lnVR","Gubert"
"1766","Gubert et al. 2022","Richness","WT_Enviromental enrichment ","female",8,8,-0.398446327422974,0.163265306122449,"lnVR","Gubert"
"1767","Gubert et al. 2022","Richness","WT_Enviromental enrichment ","male",8,8,0.311310968143412,0.163265306122449,"lnVR","Gubert"
"1768","Gubert et al. 2022","Richness","WT_Enviromental enrichment ","male",8,8,0.218571260052196,0.163265306122449,"lnVR","Gubert"
"1769","Gubert et al. 2022","Richness","WT_Exercise","female",8,8,-0.330166542798864,0.163265306122449,"lnVR","Gubert"
"1770","Gubert et al. 2022","Richness","WT_Exercise","female",8,8,-0.37678118814913,0.163265306122449,"lnVR","Gubert"
"1771","Gubert et al. 2022","Richness","WT_Exercise","male",8,8,0.252235999377339,0.163265306122449,"lnVR","Gubert"
"1772","Gubert et al. 2022","Richness","WT_Exercise","male",8,8,0.159496291286123,0.163265306122449,"lnVR","Gubert"
"1773","Ibrahim et al. 2019","Richness","AOM/DSS","female",4,3,-0.0393773226891794,0.597222222222222,"lnVR","Ibrahim"
"1774","Ibrahim et al. 2019","Richness","AOM/DSS","female",4,3,0.31828226867954,0.597222222222222,"lnVR","Ibrahim"
"1775","Ibrahim et al. 2019","Richness","AOM/DSS","male",4,7,-0.593562516089604,0.319444444444444,"lnVR","Ibrahim"
"1776","Ibrahim et al. 2019","Richness","AOM/DSS","male",4,7,1.84242127412073,0.319444444444444,"lnVR","Ibrahim"
"1777","Ibrahim et al. 2019","Richness","AOM/DSS-ERbKOVil","female",4,6,-0.256180793337575,0.342222222222222,"lnVR","Ibrahim"
"1778","Ibrahim et al. 2019","Richness","AOM/DSS-ERbKOVil","female",4,6,0.101478798031145,0.342222222222222,"lnVR","Ibrahim"
"1779","Ibrahim et al. 2019","Richness","AOM/DSS-ERbKOVil","male",4,7,-0.915526749601373,0.319444444444444,"lnVR","Ibrahim"
"1780","Ibrahim et al. 2019","Richness","AOM/DSS-ERbKOVil","male",4,7,1.52045704060896,0.319444444444444,"lnVR","Ibrahim"
"1781","Kozik et al. 2019","Richness","Colitis-cecal","female",3,7,0.316775897206445,0.472222222222222,"lnVR","Kozik"
"1782","Kozik et al. 2019","Richness","Colitis-cecal","female",3,7,-0.80708907864976,0.472222222222222,"lnVR","Kozik"
"1783","Kozik et al. 2019","Richness","Colitis-cecal","female",3,7,-0.388705986162999,0.472222222222222,"lnVR","Kozik"
"1784","Kozik et al. 2019","Richness","Colitis-cecal","female",3,7,1.63015791250175,0.472222222222222,"lnVR","Kozik"
"1785","Kozik et al. 2019","Richness","Colitis-cecal","male",2,7,2.8888415556231,1.09722222222222,"lnVR","Kozik"
"1786","Kozik et al. 2019","Richness","Colitis-cecal","male",2,7,-0.545145648862051,1.09722222222222,"lnVR","Kozik"
"1787","Kozik et al. 2019","Richness","Colitis-cecal","male",2,7,-0.722076357021129,1.09722222222222,"lnVR","Kozik"
"1788","Kozik et al. 2019","Richness","Colitis-colonMucus","female",3,4,1.03669750003392,0.597222222222222,"lnVR","Kozik"
"1789","Kozik et al. 2019","Richness","Colitis-colonMucus","female",3,4,-0.0871674758222884,0.597222222222222,"lnVR","Kozik"
"1790","Kozik et al. 2019","Richness","Colitis-colonMucus","female",3,4,0.331215616664473,0.597222222222222,"lnVR","Kozik"
"1791","Kozik et al. 2019","Richness","Colitis-colonMucus","female",3,4,2.35007951532923,0.597222222222222,"lnVR","Kozik"
"1792","Kozik et al. 2019","Richness","Colitis-colonMucus","male",2,5,3.60596396310904,1.15625,"lnVR","Kozik"
"1793","Kozik et al. 2019","Richness","Colitis-colonMucus","male",2,5,0.17197675862389,1.15625,"lnVR","Kozik"
"1794","Kozik et al. 2019","Richness","Colitis-colonMucus","male",2,5,-0.00495394953518818,1.15625,"lnVR","Kozik"
"1795","Kozik et al. 2019","Richness","Colitis-colonMucus_T0","male",2,1,NA,NA,"lnVR","Kozik"
"1796","Kozik et al. 2019","Richness","Colitis-colonMucus_T0","male",2,1,NA,NA,"lnVR","Kozik"
"1797","Kozik et al. 2019","Richness","Colitis-colonMucus_T0","male",2,1,NA,NA,"lnVR","Kozik"
"1798","Kozik et al. 2019","Richness","Colitis-fecal","female",3,7,0.637004570336653,0.472222222222222,"lnVR","Kozik"
"1799","Kozik et al. 2019","Richness","Colitis-fecal","female",3,7,-0.486860405519551,0.472222222222222,"lnVR","Kozik"
"1800","Kozik et al. 2019","Richness","Colitis-fecal","female",3,7,-0.0684773130327903,0.472222222222222,"lnVR","Kozik"
"1801","Kozik et al. 2019","Richness","Colitis-fecal","female",3,7,1.95038658563196,0.472222222222222,"lnVR","Kozik"
"1802","Kozik et al. 2019","Richness","Colitis-fecal","male",2,5,3.66263577314873,1.15625,"lnVR","Kozik"
"1803","Kozik et al. 2019","Richness","Colitis-fecal","male",2,5,0.228648568663583,1.15625,"lnVR","Kozik"
"1804","Kozik et al. 2019","Richness","Colitis-fecal","male",2,5,0.0517178605045043,1.15625,"lnVR","Kozik"
"1805","Kozik et al. 2019","Richness","Colitis-fecal_T0","female",3,7,0.322173852163526,0.472222222222222,"lnVR","Kozik"
"1806","Kozik et al. 2019","Richness","Colitis-fecal_T0","female",3,7,-0.801691123692679,0.472222222222222,"lnVR","Kozik"
"1807","Kozik et al. 2019","Richness","Colitis-fecal_T0","female",3,7,-0.383308031205918,0.472222222222222,"lnVR","Kozik"
"1808","Kozik et al. 2019","Richness","Colitis-fecal_T0","female",3,7,1.63555586745884,0.472222222222222,"lnVR","Kozik"
"1809","Kozik et al. 2019","Richness","Colitis-fecal_T0","male",2,7,3.66691472843142,1.09722222222222,"lnVR","Kozik"
"1810","Kozik et al. 2019","Richness","Colitis-fecal_T0","male",2,7,0.232927523946274,1.09722222222222,"lnVR","Kozik"
"1811","Kozik et al. 2019","Richness","Colitis-fecal_T0","male",2,7,0.0559968157871957,1.09722222222222,"lnVR","Kozik"
"1812","Li et al. 2020","Richness","Chow diet + STZ injection+ Distilled water ","female",NA,1,NA,NA,"lnVR","Li"
"1813","Li et al. 2020","Richness","Chow diet + STZ injection+ Distilled water ","male",NA,5,NA,NA,"lnVR","Li"
"1814","Li et al. 2020","Richness","HFD+ STZ injection + DNJ","female",NA,9,NA,NA,"lnVR","Li"
"1815","Li et al. 2020","Richness","HFD+ STZ injection + DNJ","male",NA,1,NA,NA,"lnVR","Li"
"1816","Li et al. 2020","Richness","HFD+ STZ injection+ Distilled water","female",NA,3,NA,NA,"lnVR","Li"
"1817","Lindheim et al. 2018","Richness","PRJNA445979","female",NA,93,NA,NA,"lnVR","Lindheim"
"1818","Lindheim et al. 2018","Richness","PRJNA445979","male",NA,76,NA,NA,"lnVR","Lindheim"
"1819","Lyte et al. 2022","Richness","beef-chow","female",19,19,-0.228387394715404,0.058641975308642,"lnVR","Lyte"
"1820","Lyte et al. 2022","Richness","beef-chow","male",20,18,-0.343527688517683,0.0588426995370415,"lnVR","Lyte"
"1821","Lyte et al. 2022","Richness","beef-chow-stress","female",19,20,0.194523508860056,0.0570218186792517,"lnVR","Lyte"
"1822","Lyte et al. 2022","Richness","beef-chow-stress","male",20,18,-0.339753988962867,0.0588426995370415,"lnVR","Lyte"
"1823","Lyte et al. 2022","Richness","chow-stress","female",19,20,0.129977291886709,0.0570218186792517,"lnVR","Lyte"
"1824","Lyte et al. 2022","Richness","chow-stress","male",20,20,-0.203077990336558,0.0554016620498615,"lnVR","Lyte"
"1825","Pizarro et al. 2021","Richness","Water-T0","female",8,NA,NA,NA,"lnVR","Pizarro"
"1826","Pizarro et al. 2021","Richness","Water-T0","male",10,NA,NA,NA,"lnVR","Pizarro"
"1827","Pizarro et al. 2021","Richness","EtOH-Syn-T1","female",NA,8,NA,NA,"lnVR","Pizarro"
"1828","Pizarro et al. 2021","Richness","EtOH-Syn-T1","male",NA,10,NA,NA,"lnVR","Pizarro"
"1829","Pizarro et al. 2021","Richness","EtOH-T1","female",NA,8,NA,NA,"lnVR","Pizarro"
"1830","Pizarro et al. 2021","Richness","EtOH-T1","male",NA,10,NA,NA,"lnVR","Pizarro"
"1831","Pizarro et al. 2021","Richness","Symbiotic-T0","female",NA,8,NA,NA,"lnVR","Pizarro"
"1832","Pizarro et al. 2021","Richness","Symbiotic-T0","male",NA,10,NA,NA,"lnVR","Pizarro"
"1833","Ramakrishna et al. 2020","Richness","ACV+IVIG-injected","female",3,4,0.422467122505906,0.597222222222222,"lnVR","Ramakrishna"
"1834","Ramakrishna et al. 2020","Richness","ACV+IVIG-injected","male",2,1,NA,NA,"lnVR","Ramakrishna"
"1835","Ramakrishna et al. 2020","Richness","ACV-injected","female",3,2,0.452732554054082,1.375,"lnVR","Ramakrishna"
"1836","Ramakrishna et al. 2020","Richness","ACV-injected","male",2,3,-0.596573590279973,1.375,"lnVR","Ramakrishna"
"1837","Ramakrishna et al. 2020","Richness","HSV1-infected","female",3,5,0.5554882765678,0.53125,"lnVR","Ramakrishna"
"1838","Ramakrishna et al. 2020","Richness","HSV1-infected","male",2,4,-1.37305410417325,1.22222222222222,"lnVR","Ramakrishna"
"1839","Ramakrishna et al. 2020","Richness","HSV1-infected; ACV+IVIG-injected","female",3,3,0,0.75,"lnVR","Ramakrishna"
"1840","Ramakrishna et al. 2020","Richness","HSV1-infected; ACV+IVIG-injected","male",2,2,NA,2,"lnVR","Ramakrishna"
"1841","Ramakrishna et al. 2020","Richness","HSV1-infected; ACV-injected","female",3,1,NA,NA,"lnVR","Ramakrishna"
"1842","Ramakrishna et al. 2020","Richness","HSV1-infected; ACV-injected","male",2,1,NA,NA,"lnVR","Ramakrishna"
"1843","Ramakrishna et al. 2020","Richness","HSV1-infected; IVIG-injected","female",3,1,NA,NA,"lnVR","Ramakrishna"
"1844","Ramakrishna et al. 2020","Richness","HSV1-infected; IVIG-injected","male",2,3,-1.14587973461403,1.375,"lnVR","Ramakrishna"
"1845","Ramakrishna et al. 2020","Richness","IVIG-injected","female",3,5,0.515466922731032,0.53125,"lnVR","Ramakrishna"
"1846","Ramakrishna et al. 2020","Richness","IVIG-injected","male",2,5,-1.32355999244294,1.15625,"lnVR","Ramakrishna"
"1847","Son et al. 2019","Richness","IL-10 Knockout ","female",8,8,-0.196622014129837,0.163265306122449,"lnVR","Son"
"1848","Son et al. 2019","Richness","IL-10 Knockout ","male",8,8,-0.155414179580405,0.163265306122449,"lnVR","Son"
"1849","Song et al. 2020","Richness","AOM/DSS","male",5,12,0.620627432629243,0.205836776859504,"lnVR","Song"
"1850","Song et al. 2020","Richness","AOM/DSS E2-supplemented","male",5,12,1.11898927592624,0.205836776859504,"lnVR","Song"
"1851","Song et al. 2020","Richness","E2-supplemented","male",5,12,0.930673155298439,0.205836776859504,"lnVR","Song"
"1852","Song et al. 2020","Richness","ovariectomized ","female",11,7,0.424808524507399,0.152222222222222,"lnVR","Song"
"1853","Song et al. 2021","Richness","AOM/DSS","female",8,8,-0.093102634375617,0.163265306122449,"lnVR","Song"
"1854","Song et al. 2021","Richness","AOM/DSS","male",8,8,0.0202921706058409,0.163265306122449,"lnVR","Song"
"1855","Song et al. 2021","Richness","AOM/DSS-Nrf2KO","female",8,8,-0.843226710642252,0.163265306122449,"lnVR","Song"
"1856","Song et al. 2021","Richness","AOM/DSS-Nrf2KO","male",8,8,-0.514594107850066,0.163265306122449,"lnVR","Song"
"1857","Song et al. 2021","Richness","Nrf2KO","female",8,8,-0.570759642154853,0.163265306122449,"lnVR","Song"
"1858","Song et al. 2021","Richness","Nrf2KO","male",8,8,-0.194566180474498,0.163265306122449,"lnVR","Song"
"1859","Song et al. 2022","Richness","AOM/DSS","female",4,7,-0.44880244247062,0.319444444444444,"lnVR","Song"
"1860","Song et al. 2022","Richness","AOM/DSS","male",4,10,1.73685136219426,0.283950617283951,"lnVR","Song"
"1861","Song et al. 2022","Richness","AOM/DSS_ steroid-injected","female",4,4,-1.07025641235559,0.444444444444444,"lnVR","Song"
"1862","Song et al. 2022","Richness","AOM/DSS_ steroid-injected","male",4,8,1.40878050913409,0.303854875283447,"lnVR","Song"
"1863","Song et al. 2022","Richness","orchiectomized","male",4,4,1.46751910244087,0.444444444444444,"lnVR","Song"
"1864","Song et al. 2022","Richness","orchiectomized_ AOM/DSS","male",4,10,1.95001284573644,0.283950617283951,"lnVR","Song"
"1865","Song et al. 2022","Richness","orchiectomized_ AOM/DSS_ steroid-injected","male",4,6,2.11673624739379,0.342222222222222,"lnVR","Song"
"1866","Sun et al. 2020","Richness","High fat","female",8,7,0.0726492217008228,0.178854875283447,"lnVR","Sun"
"1867","Sun et al. 2020","Richness","High fat","male",8,8,-0.714793674331835,0.163265306122449,"lnVR","Sun"
"1868","Sun et al. 2020","Richness","Pomctm1/tm1","female",8,8,0.500493439925517,0.163265306122449,"lnVR","Sun"
"1869","Sun et al. 2020","Richness","Pomctm1/tm1","male",8,8,-0.390950013748939,0.163265306122449,"lnVR","Sun"
"1870","Sun et al. 2020","Richness","Pomctm1/tm1, High fat","female",8,7,0.347144670969153,0.178854875283447,"lnVR","Sun"
"1871","Sun et al. 2020","Richness","Pomctm1/tm1, High fat","male",8,8,-0.0891954692978074,0.163265306122449,"lnVR","Sun"
"1872","Tam et al. 2020","Richness","""Smoke exposed, ovariectomy""_cecal","female",10,8,0.0112662715708376,0.143361048122953,"lnVR","Tam"
"1873","Tam et al. 2020","Richness","Smoke exposed_cecal","female",10,10,-0.15072658307121,0.123456790123457,"lnVR","Tam"
"1874","Tam et al. 2020","Richness","Smoke exposed_cecal","male",10,10,-0.55804033950626,0.123456790123457,"lnVR","Tam"
"1875","Tam et al. 2020","Richness","ovariectomy_cecal","female",10,10,0.108902068233477,0.123456790123457,"lnVR","Tam"
"1876","Tashiro et al. 2020","Richness","Cellulose","female",8,8,-0.748285458469569,0.163265306122449,"lnVR","Tashiro"
"1877","Tashiro et al. 2020","Richness","Cellulose","male",8,8,-0.170092057689848,0.163265306122449,"lnVR","Tashiro"
"1878","Tashiro et al. 2020","Richness","Fiberfree","female",8,8,-0.725804500369266,0.163265306122449,"lnVR","Tashiro"
"1879","Tashiro et al. 2020","Richness","Fiberfree","male",8,8,-0.076861784997649,0.163265306122449,"lnVR","Tashiro"
"1880","Tashiro et al. 2020","Richness","Pectin","female",8,8,0.813189724529515,0.163265306122449,"lnVR","Tashiro"
"1881","Tashiro et al. 2020","Richness","Pectin","male",8,8,0.151988209027541,0.163265306122449,"lnVR","Tashiro"
"1882","Velasco et al. 2021","Richness","C57BL/6J","female",4,NA,NA,NA,"lnVR","Velasco"
"1883","Velasco et al. 2021","Richness","C57BL/6J","male",4,NA,NA,NA,"lnVR","Velasco"
"1884","Velasco et al. 2021","Richness","MRL/MpJ","female",NA,4,NA,NA,"lnVR","Velasco"
"1885","Velasco et al. 2021","Richness","MRL/MpJ","male",NA,4,NA,NA,"lnVR","Velasco"
"1886","Weng et al. 2019","Richness","APOE2_APP transgene +","female",NA,11,NA,NA,"lnVR","Weng"
"1887","Weng et al. 2019","Richness","APOE2_APP transgene +","male",NA,6,NA,NA,"lnVR","Weng"
"1888","Weng et al. 2019","Richness","APOE2_APP transgene -","female",NA,18,NA,NA,"lnVR","Weng"
"1889","Weng et al. 2019","Richness","APOE2_APP transgene -","male",NA,16,NA,NA,"lnVR","Weng"
"1890","Weng et al. 2019","Richness","APOE3_APP transgene +","female",NA,21,NA,NA,"lnVR","Weng"
"1891","Weng et al. 2019","Richness","APOE3_APP transgene +","male",NA,13,NA,NA,"lnVR","Weng"
"1892","Weng et al. 2019","Richness","APOE3_APP transgene -","female",NA,15,NA,NA,"lnVR","Weng"
"1893","Weng et al. 2019","Richness","APOE3_APP transgene -","male",NA,20,NA,NA,"lnVR","Weng"
"1894","Weng et al. 2019","Richness","APOE4_APP transgene +","female",NA,24,NA,NA,"lnVR","Weng"
"1895","Weng et al. 2019","Richness","APOE4_APP transgene +","male",NA,19,NA,NA,"lnVR","Weng"
"1896","Weng et al. 2019","Richness","APOE4_APP transgene -","female",NA,24,NA,NA,"lnVR","Weng"
"1897","Weng et al. 2019","Richness","APOE4_APP transgene -","male",NA,32,NA,NA,"lnVR","Weng"
"1898","Wolfe et al. 2020","Richness","Smad3-/-_CRC_SFB+_cecal","female",NA,7,NA,NA,"lnVR","Wolfe"
"1899","Wolfe et al. 2020","Richness","Smad3-/-_CRC_SFB+_cecal","male",NA,1,NA,NA,"lnVR","Wolfe"
"1900","Wolfe et al. 2020","Richness","Smad3-/-_CRC_SFB+_fecal","female",NA,68,NA,NA,"lnVR","Wolfe"
"1901","Wolfe et al. 2020","Richness","Smad3-/-_CRC_SFB+_fecal","male",NA,10,NA,NA,"lnVR","Wolfe"
"1902","Wolfe et al. 2020","Richness","Smad3-/-_CRC_SFB-_cecal","female",NA,7,NA,NA,"lnVR","Wolfe"
"1903","Wolfe et al. 2020","Richness","Smad3-/-_CRC_SFB-_cecal","male",NA,2,NA,NA,"lnVR","Wolfe"
"1904","Wolfe et al. 2020","Richness","Smad3-/-_CRC_SFB-_fecal","female",NA,83,NA,NA,"lnVR","Wolfe"
"1905","Wolfe et al. 2020","Richness","Smad3-/-_CRC_SFB-_fecal","male",NA,34,NA,NA,"lnVR","Wolfe"
"1906","Wolfe et al. 2020","Richness","Smad3-/-_healthy_SFB+_cecal","female",NA,5,NA,NA,"lnVR","Wolfe"
"1907","Wolfe et al. 2020","Richness","Smad3-/-_healthy_SFB+_cecal","male",NA,15,NA,NA,"lnVR","Wolfe"
"1908","Wolfe et al. 2020","Richness","Smad3-/-_healthy_SFB+_fecal","female",NA,49,NA,NA,"lnVR","Wolfe"
"1909","Wolfe et al. 2020","Richness","Smad3-/-_healthy_SFB+_fecal","male",NA,156,NA,NA,"lnVR","Wolfe"
"1910","Wolfe et al. 2020","Richness","Smad3-/-_healthy_SFB-_cecal","female",NA,10,NA,NA,"lnVR","Wolfe"
"1911","Wolfe et al. 2020","Richness","Smad3-/-_healthy_SFB-_cecal","male",NA,15,NA,NA,"lnVR","Wolfe"
"1912","Wolfe et al. 2020","Richness","Smad3-/-_healthy_SFB-_fecal","female",NA,135,NA,NA,"lnVR","Wolfe"
"1913","Wolfe et al. 2020","Richness","Smad3-/-_healthy_SFB-_fecal","male",NA,158,NA,NA,"lnVR","Wolfe"
"1914","Zajac et al. 2022","Richness","APOE2/E2_cecal","female",NA,6,NA,NA,"lnVR","Zajac"
"1915","Zajac et al. 2022","Richness","APOE2/E2_cecal","male",NA,5,NA,NA,"lnVR","Zajac"
"1916","Zajac et al. 2022","Richness","APOE2/E2_fecal","female",NA,21,NA,NA,"lnVR","Zajac"
"1917","Zajac et al. 2022","Richness","APOE2/E2_fecal","male",NA,15,NA,NA,"lnVR","Zajac"
"1918","Zajac et al. 2022","Richness","APOE2/E2_small bowel","female",NA,3,NA,NA,"lnVR","Zajac"
"1919","Zajac et al. 2022","Richness","APOE2/E2_small bowel","male",NA,2,NA,NA,"lnVR","Zajac"
"1920","Zajac et al. 2022","Richness","APOE2/E3_cecal","female",NA,10,NA,NA,"lnVR","Zajac"
"1921","Zajac et al. 2022","Richness","APOE2/E3_cecal","male",NA,7,NA,NA,"lnVR","Zajac"
"1922","Zajac et al. 2022","Richness","APOE2/E3_fecal","female",NA,36,NA,NA,"lnVR","Zajac"
"1923","Zajac et al. 2022","Richness","APOE2/E3_fecal","male",NA,21,NA,NA,"lnVR","Zajac"
"1924","Zajac et al. 2022","Richness","APOE2/E3_small bowel","male",NA,1,NA,NA,"lnVR","Zajac"
"1925","Zajac et al. 2022","Richness","APOE2_fecal","female",NA,7,NA,NA,"lnVR","Zajac"
"1926","Zajac et al. 2022","Richness","APOE2_fecal","male",NA,8,NA,NA,"lnVR","Zajac"
"1927","Zajac et al. 2022","Richness","APOE3/E3_cecal","female",NA,5,NA,NA,"lnVR","Zajac"
"1928","Zajac et al. 2022","Richness","APOE3/E3_cecal","male",NA,13,NA,NA,"lnVR","Zajac"
"1929","Zajac et al. 2022","Richness","APOE3/E3_fecal","female",NA,15,NA,NA,"lnVR","Zajac"
"1930","Zajac et al. 2022","Richness","APOE3/E3_fecal","male",NA,41,NA,NA,"lnVR","Zajac"
"1931","Zajac et al. 2022","Richness","APOE3/E3_small bowel","female",NA,2,NA,NA,"lnVR","Zajac"
"1932","Zajac et al. 2022","Richness","APOE3/E3_small bowel","male",NA,4,NA,NA,"lnVR","Zajac"
"1933","Zajac et al. 2022","Richness","APOE3/E4_cecal","female",NA,8,NA,NA,"lnVR","Zajac"
"1934","Zajac et al. 2022","Richness","APOE3/E4_cecal","male",NA,10,NA,NA,"lnVR","Zajac"
"1935","Zajac et al. 2022","Richness","APOE3/E4_fecal","female",NA,23,NA,NA,"lnVR","Zajac"
"1936","Zajac et al. 2022","Richness","APOE3/E4_fecal","male",NA,32,NA,NA,"lnVR","Zajac"
"1937","Zajac et al. 2022","Richness","APOE3/E4_small bowel","female",NA,1,NA,NA,"lnVR","Zajac"
"1938","Zajac et al. 2022","Richness","APOE3_fecal","female",NA,7,NA,NA,"lnVR","Zajac"
"1939","Zajac et al. 2022","Richness","APOE3_fecal","male",NA,6,NA,NA,"lnVR","Zajac"
"1940","Zajac et al. 2022","Richness","APOE4/E4_cecal","female",NA,4,NA,NA,"lnVR","Zajac"
"1941","Zajac et al. 2022","Richness","APOE4/E4_cecal","male",NA,5,NA,NA,"lnVR","Zajac"
"1942","Zajac et al. 2022","Richness","APOE4/E4_fecal","female",NA,19,NA,NA,"lnVR","Zajac"
"1943","Zajac et al. 2022","Richness","APOE4/E4_fecal","male",NA,15,NA,NA,"lnVR","Zajac"
"1944","Zajac et al. 2022","Richness","APOE4/E4_small bowel","female",NA,3,NA,NA,"lnVR","Zajac"
"1945","Zajac et al. 2022","Richness","APOE4/E4_small bowel","male",NA,3,NA,NA,"lnVR","Zajac"
"1946","Zajac et al. 2022","Richness","APOE4_fecal","female",NA,7,NA,NA,"lnVR","Zajac"
"1947","Zajac et al. 2022","Richness","APOE4_fecal","male",NA,7,NA,NA,"lnVR","Zajac"
"1948","Zou et al. 2021","Richness","Glrx1 KO + High fat chow","female",4,4,-0.0597629612344802,0.444444444444444,"lnVR","Zou"
"1949","Zou et al. 2021","Richness","Glrx1 KO + High fat chow","male",4,4,0.139947410507678,0.444444444444444,"lnVR","Zou"
"1950","Zou et al. 2021","Richness","Glrx1 KO + Standard chow","female",4,3,-0.105585156089935,0.597222222222222,"lnVR","Zou"
"1951","Zou et al. 2021","Richness","Glrx1 KO + Standard chow","male",4,2,-0.519414684381473,1.22222222222222,"lnVR","Zou"
"1952","Zou et al. 2021","Richness","High fat chow","female",4,5,0.00120263882154553,0.378472222222222,"lnVR","Zou"
"1953","Zou et al. 2021","Richness","High fat chow","male",4,5,0.036811243588529,0.378472222222222,"lnVR","Zou"
"1954","Cheema & Pluznick 2019","Faith's PD","Ang II infusion","female",3,3,-1.84072753780374,0.75,"lnVR","Cheema"
"1955","Cheema & Pluznick 2019","Faith's PD","Ang II infusion","male",3,3,-0.9226744507115,0.75,"lnVR","Cheema"
"1956","Ellis et al. 2021","Faith's PD","13C11MK4_cecal","female",7,7,0.205903097262532,0.194444444444444,"lnVR","Ellis"
"1957","Ellis et al. 2021","Faith's PD","13C11MK4_cecal","male",7,7,-1.37360598042903,0.194444444444444,"lnVR","Ellis"
"1958","Ellis et al. 2021","Faith's PD","2H7MK7_cecal","female",7,7,-0.0329738254939613,0.194444444444444,"lnVR","Ellis"
"1959","Ellis et al. 2021","Faith's PD","2H7MK7_cecal","male",7,7,-0.952643160288716,0.194444444444444,"lnVR","Ellis"
"1960","Ellis et al. 2021","Faith's PD","2H7MK9_cecal","female",7,7,0.617942424767456,0.194444444444444,"lnVR","Ellis"
"1961","Ellis et al. 2021","Faith's PD","2H7MK9_cecal","male",7,7,-1.1735093237342,0.194444444444444,"lnVR","Ellis"
"1962","Ellis et al. 2021","Faith's PD","2H7PK_cecal","female",7,7,0.685510034890926,0.194444444444444,"lnVR","Ellis"
"1963","Ellis et al. 2021","Faith's PD","2H7PK_cecal","male",7,7,-0.616608168997584,0.194444444444444,"lnVR","Ellis"
"1964","Ellis et al. 2021","Faith's PD","Combo_cecal","female",7,9,1.05288552629749,0.167534722222222,"lnVR","Ellis"
"1965","Ellis et al. 2021","Faith's PD","Combo_cecal","male",7,10,-0.991684771059306,0.158950617283951,"lnVR","Ellis"
"1966","Ellis et al. 2021","Faith's PD","MK4_cecal","female",7,10,0.837291530902653,0.158950617283951,"lnVR","Ellis"
"1967","Ellis et al. 2021","Faith's PD","MK4_cecal","male",7,10,-0.704514973634352,0.158950617283951,"lnVR","Ellis"
"1968","Ellis et al. 2021","Faith's PD","MK9_cecal","female",7,9,0.960060084260518,0.167534722222222,"lnVR","Ellis"
"1969","Ellis et al. 2021","Faith's PD","MK9_cecal","male",7,9,-0.503909581471425,0.167534722222222,"lnVR","Ellis"
"1970","Ellis et al. 2021","Faith's PD","PK_cecal","female",7,9,0.624473233934182,0.167534722222222,"lnVR","Ellis"
"1971","Ellis et al. 2021","Faith's PD","PK_cecal","male",7,10,-0.0352581077355076,0.158950617283951,"lnVR","Ellis"
"1972","Ellis et al. 2021","Faith's PD","VKdef_cecal","female",7,9,1.0965112791937,0.167534722222222,"lnVR","Ellis"
"1973","Ellis et al. 2021","Faith's PD","VKdef_cecal","male",7,8,-0.345318596166883,0.178854875283447,"lnVR","Ellis"
"1974","Gubert et al. 2022","Faith's PD","R6/1_Enviromental enrichment ","female",8,7,-0.540213762934002,0.178854875283447,"lnVR","Gubert"
"1975","Gubert et al. 2022","Faith's PD","R6/1_Enviromental enrichment ","female",8,7,-0.52159562487145,0.178854875283447,"lnVR","Gubert"
"1976","Gubert et al. 2022","Faith's PD","R6/1_Enviromental enrichment ","male",8,8,0.69033273838234,0.163265306122449,"lnVR","Gubert"
"1977","Gubert et al. 2022","Faith's PD","R6/1_Enviromental enrichment ","male",8,8,-0.0993085158413505,0.163265306122449,"lnVR","Gubert"
"1978","Gubert et al. 2022","Faith's PD","R6/1_Exercise","female",8,8,-0.261682755507924,0.163265306122449,"lnVR","Gubert"
"1979","Gubert et al. 2022","Faith's PD","R6/1_Exercise","female",8,8,-0.243064617445371,0.163265306122449,"lnVR","Gubert"
"1980","Gubert et al. 2022","Faith's PD","R6/1_Exercise","male",8,8,0.576433565898474,0.163265306122449,"lnVR","Gubert"
"1981","Gubert et al. 2022","Faith's PD","R6/1_Exercise","male",8,8,-0.213207688325216,0.163265306122449,"lnVR","Gubert"
"1982","Gubert et al. 2022","Faith's PD","WT_Enviromental enrichment ","female",8,8,-0.337021479184635,0.163265306122449,"lnVR","Gubert"
"1983","Gubert et al. 2022","Faith's PD","WT_Enviromental enrichment ","female",8,8,-0.318403341122083,0.163265306122449,"lnVR","Gubert"
"1984","Gubert et al. 2022","Faith's PD","WT_Enviromental enrichment ","male",8,8,0.634602279172374,0.163265306122449,"lnVR","Gubert"
"1985","Gubert et al. 2022","Faith's PD","WT_Enviromental enrichment ","male",8,8,-0.155038975051317,0.163265306122449,"lnVR","Gubert"
"1986","Gubert et al. 2022","Faith's PD","WT_Exercise","female",8,8,-0.235387744174339,0.163265306122449,"lnVR","Gubert"
"1987","Gubert et al. 2022","Faith's PD","WT_Exercise","female",8,8,-0.216769606111787,0.163265306122449,"lnVR","Gubert"
"1988","Gubert et al. 2022","Faith's PD","WT_Exercise","male",8,8,0.418364664571537,0.163265306122449,"lnVR","Gubert"
"1989","Gubert et al. 2022","Faith's PD","WT_Exercise","male",8,8,-0.371276589652154,0.163265306122449,"lnVR","Gubert"
"1990","Ibrahim et al. 2019","Faith's PD","AOM/DSS","female",4,3,-0.706747788315598,0.597222222222222,"lnVR","Ibrahim"
"1991","Ibrahim et al. 2019","Faith's PD","AOM/DSS","female",4,3,-0.338206180349182,0.597222222222222,"lnVR","Ibrahim"
"1992","Ibrahim et al. 2019","Faith's PD","AOM/DSS","male",4,7,0.537981983774334,0.319444444444444,"lnVR","Ibrahim"
"1993","Ibrahim et al. 2019","Faith's PD","AOM/DSS","male",4,7,0.253784829508457,0.319444444444444,"lnVR","Ibrahim"
"1994","Ibrahim et al. 2019","Faith's PD","AOM/DSS-ERbKOVil","female",4,6,-0.18096346422731,0.342222222222222,"lnVR","Ibrahim"
"1995","Ibrahim et al. 2019","Faith's PD","AOM/DSS-ERbKOVil","female",4,6,0.187578143739105,0.342222222222222,"lnVR","Ibrahim"
"1996","Ibrahim et al. 2019","Faith's PD","AOM/DSS-ERbKOVil","male",4,7,-0.133664299063149,0.319444444444444,"lnVR","Ibrahim"
"1997","Ibrahim et al. 2019","Faith's PD","AOM/DSS-ERbKOVil","male",4,7,-0.417861453329025,0.319444444444444,"lnVR","Ibrahim"
"1998","Kozik et al. 2019","Faith's PD","Colitis-cecal","female",3,7,0.0662366395270978,0.472222222222222,"lnVR","Kozik"
"1999","Kozik et al. 2019","Faith's PD","Colitis-cecal","female",3,7,-0.525236094045987,0.472222222222222,"lnVR","Kozik"
"2000","Kozik et al. 2019","Faith's PD","Colitis-cecal","female",3,7,3.44324385727592,0.472222222222222,"lnVR","Kozik"
"2001","Kozik et al. 2019","Faith's PD","Colitis-cecal","female",3,7,-0.111114551771265,0.472222222222222,"lnVR","Kozik"
"2002","Kozik et al. 2019","Faith's PD","Colitis-cecal","male",2,7,0.487973442957015,1.09722222222222,"lnVR","Kozik"
"2003","Kozik et al. 2019","Faith's PD","Colitis-cecal","male",2,7,0.633959515057715,1.09722222222222,"lnVR","Kozik"
"2004","Kozik et al. 2019","Faith's PD","Colitis-cecal","male",2,7,0.746335610011662,1.09722222222222,"lnVR","Kozik"
"2005","Kozik et al. 2019","Faith's PD","Colitis-colonMucus","female",3,4,0.597194165846378,0.597222222222222,"lnVR","Kozik"
"2006","Kozik et al. 2019","Faith's PD","Colitis-colonMucus","female",3,4,0.0057214322732928,0.597222222222222,"lnVR","Kozik"
"2007","Kozik et al. 2019","Faith's PD","Colitis-colonMucus","female",3,4,3.9742013835952,0.597222222222222,"lnVR","Kozik"
"2008","Kozik et al. 2019","Faith's PD","Colitis-colonMucus","female",3,4,0.419842974548015,0.597222222222222,"lnVR","Kozik"
"2009","Kozik et al. 2019","Faith's PD","Colitis-colonMucus","male",2,5,0.905426996243508,1.15625,"lnVR","Kozik"
"2010","Kozik et al. 2019","Faith's PD","Colitis-colonMucus","male",2,5,1.05141306834421,1.15625,"lnVR","Kozik"
"2011","Kozik et al. 2019","Faith's PD","Colitis-colonMucus","male",2,5,1.16378916329816,1.15625,"lnVR","Kozik"
"2012","Kozik et al. 2019","Faith's PD","Colitis-colonMucus_T0","male",2,1,NA,NA,"lnVR","Kozik"
"2013","Kozik et al. 2019","Faith's PD","Colitis-colonMucus_T0","male",2,1,NA,NA,"lnVR","Kozik"
"2014","Kozik et al. 2019","Faith's PD","Colitis-colonMucus_T0","male",2,1,NA,NA,"lnVR","Kozik"
"2015","Kozik et al. 2019","Faith's PD","Colitis-fecal","female",3,7,0.288930627135288,0.472222222222222,"lnVR","Kozik"
"2016","Kozik et al. 2019","Faith's PD","Colitis-fecal","female",3,7,-0.302542106437797,0.472222222222222,"lnVR","Kozik"
"2017","Kozik et al. 2019","Faith's PD","Colitis-fecal","female",3,7,3.66593784488411,0.472222222222222,"lnVR","Kozik"
"2018","Kozik et al. 2019","Faith's PD","Colitis-fecal","female",3,7,0.111579435836925,0.472222222222222,"lnVR","Kozik"
"2019","Kozik et al. 2019","Faith's PD","Colitis-fecal","male",2,5,0.93648411931104,1.15625,"lnVR","Kozik"
"2020","Kozik et al. 2019","Faith's PD","Colitis-fecal","male",2,5,1.08247019141174,1.15625,"lnVR","Kozik"
"2021","Kozik et al. 2019","Faith's PD","Colitis-fecal","male",2,5,1.19484628636569,1.15625,"lnVR","Kozik"
"2022","Kozik et al. 2019","Faith's PD","Colitis-fecal_T0","female",3,7,-0.545672940411466,0.472222222222222,"lnVR","Kozik"
"2023","Kozik et al. 2019","Faith's PD","Colitis-fecal_T0","female",3,7,-1.13714567398455,0.472222222222222,"lnVR","Kozik"
"2024","Kozik et al. 2019","Faith's PD","Colitis-fecal_T0","female",3,7,2.83133427733736,0.472222222222222,"lnVR","Kozik"
"2025","Kozik et al. 2019","Faith's PD","Colitis-fecal_T0","female",3,7,-0.723024131709829,0.472222222222222,"lnVR","Kozik"
"2026","Kozik et al. 2019","Faith's PD","Colitis-fecal_T0","male",2,7,0.961336373459082,1.09722222222222,"lnVR","Kozik"
"2027","Kozik et al. 2019","Faith's PD","Colitis-fecal_T0","male",2,7,1.10732244555978,1.09722222222222,"lnVR","Kozik"
"2028","Kozik et al. 2019","Faith's PD","Colitis-fecal_T0","male",2,7,1.21969854051373,1.09722222222222,"lnVR","Kozik"
"2029","Li et al. 2020","Faith's PD","Chow diet + STZ injection+ Distilled water ","female",NA,1,NA,NA,"lnVR","Li"
"2030","Li et al. 2020","Faith's PD","Chow diet + STZ injection+ Distilled water ","male",NA,5,NA,NA,"lnVR","Li"
"2031","Li et al. 2020","Faith's PD","HFD+ STZ injection + DNJ","female",NA,9,NA,NA,"lnVR","Li"
"2032","Li et al. 2020","Faith's PD","HFD+ STZ injection + DNJ","male",NA,1,NA,NA,"lnVR","Li"
"2033","Li et al. 2020","Faith's PD","HFD+ STZ injection+ Distilled water","female",NA,3,NA,NA,"lnVR","Li"
"2034","Lindheim et al. 2018","Faith's PD","PRJNA445979","female",NA,93,NA,NA,"lnVR","Lindheim"
"2035","Lindheim et al. 2018","Faith's PD","PRJNA445979","male",NA,76,NA,NA,"lnVR","Lindheim"
"2036","Lyte et al. 2022","Faith's PD","beef-chow","female",19,19,-0.261921736412191,0.058641975308642,"lnVR","Lyte"
"2037","Lyte et al. 2022","Faith's PD","beef-chow","male",20,18,-0.200855638517287,0.0588426995370415,"lnVR","Lyte"
"2038","Lyte et al. 2022","Faith's PD","beef-chow-stress","female",19,20,0.00609301346392555,0.0570218186792517,"lnVR","Lyte"
"2039","Lyte et al. 2022","Faith's PD","beef-chow-stress","male",20,18,-0.429764512830359,0.0588426995370415,"lnVR","Lyte"
"2040","Lyte et al. 2022","Faith's PD","chow-stress","female",19,20,0.0727796707012051,0.0570218186792517,"lnVR","Lyte"
"2041","Lyte et al. 2022","Faith's PD","chow-stress","male",20,20,0.0665752169147995,0.0554016620498615,"lnVR","Lyte"
"2042","Pizarro et al. 2021","Faith's PD","Water-T0","female",8,NA,NA,NA,"lnVR","Pizarro"
"2043","Pizarro et al. 2021","Faith's PD","Water-T0","male",10,NA,NA,NA,"lnVR","Pizarro"
"2044","Pizarro et al. 2021","Faith's PD","EtOH-Syn-T1","female",NA,8,NA,NA,"lnVR","Pizarro"
"2045","Pizarro et al. 2021","Faith's PD","EtOH-Syn-T1","male",NA,10,NA,NA,"lnVR","Pizarro"
"2046","Pizarro et al. 2021","Faith's PD","EtOH-T1","female",NA,8,NA,NA,"lnVR","Pizarro"
"2047","Pizarro et al. 2021","Faith's PD","EtOH-T1","male",NA,10,NA,NA,"lnVR","Pizarro"
"2048","Pizarro et al. 2021","Faith's PD","Symbiotic-T0","female",NA,8,NA,NA,"lnVR","Pizarro"
"2049","Pizarro et al. 2021","Faith's PD","Symbiotic-T0","male",NA,10,NA,NA,"lnVR","Pizarro"
"2050","Ramakrishna et al. 2020","Faith's PD","ACV+IVIG-injected","female",3,4,NA,0.597222222222222,"lnVR","Ramakrishna"
"2051","Ramakrishna et al. 2020","Faith's PD","ACV+IVIG-injected","male",2,1,NA,NA,"lnVR","Ramakrishna"
"2052","Ramakrishna et al. 2020","Faith's PD","ACV-injected","female",3,2,NA,1.375,"lnVR","Ramakrishna"
"2053","Ramakrishna et al. 2020","Faith's PD","ACV-injected","male",2,3,NA,1.375,"lnVR","Ramakrishna"
"2054","Ramakrishna et al. 2020","Faith's PD","HSV1-infected","female",3,5,NA,0.53125,"lnVR","Ramakrishna"
"2055","Ramakrishna et al. 2020","Faith's PD","HSV1-infected","male",2,4,NA,1.22222222222222,"lnVR","Ramakrishna"
"2056","Ramakrishna et al. 2020","Faith's PD","HSV1-infected; ACV+IVIG-injected","female",3,3,NA,0.75,"lnVR","Ramakrishna"
"2057","Ramakrishna et al. 2020","Faith's PD","HSV1-infected; ACV+IVIG-injected","male",2,2,NA,2,"lnVR","Ramakrishna"
"2058","Ramakrishna et al. 2020","Faith's PD","HSV1-infected; ACV-injected","female",3,1,NA,NA,"lnVR","Ramakrishna"
"2059","Ramakrishna et al. 2020","Faith's PD","HSV1-infected; ACV-injected","male",2,1,NA,NA,"lnVR","Ramakrishna"
"2060","Ramakrishna et al. 2020","Faith's PD","HSV1-infected; IVIG-injected","female",3,1,NA,NA,"lnVR","Ramakrishna"
"2061","Ramakrishna et al. 2020","Faith's PD","HSV1-infected; IVIG-injected","male",2,3,NA,1.375,"lnVR","Ramakrishna"
"2062","Ramakrishna et al. 2020","Faith's PD","IVIG-injected","female",3,5,NA,0.53125,"lnVR","Ramakrishna"
"2063","Ramakrishna et al. 2020","Faith's PD","IVIG-injected","male",2,5,NA,1.15625,"lnVR","Ramakrishna"
"2064","Son et al. 2019","Faith's PD","IL-10 Knockout ","female",8,8,0.0163870388034224,0.163265306122449,"lnVR","Son"
"2065","Son et al. 2019","Faith's PD","IL-10 Knockout ","male",8,8,-0.276841321652407,0.163265306122449,"lnVR","Son"
"2066","Song et al. 2020","Faith's PD","AOM/DSS","male",5,12,0.556534069820035,0.205836776859504,"lnVR","Song"
"2067","Song et al. 2020","Faith's PD","AOM/DSS E2-supplemented","male",5,12,1.14708055547877,0.205836776859504,"lnVR","Song"
"2068","Song et al. 2020","Faith's PD","E2-supplemented","male",5,12,0.967252799322082,0.205836776859504,"lnVR","Song"
"2069","Song et al. 2020","Faith's PD","ovariectomized ","female",11,7,0.202750540307132,0.152222222222222,"lnVR","Song"
"2070","Song et al. 2021","Faith's PD","AOM/DSS","female",8,8,-0.105949615386382,0.163265306122449,"lnVR","Song"
"2071","Song et al. 2021","Faith's PD","AOM/DSS","male",8,8,0.135888543674703,0.163265306122449,"lnVR","Song"
"2072","Song et al. 2021","Faith's PD","AOM/DSS-Nrf2KO","female",8,8,-0.372432475016086,0.163265306122449,"lnVR","Song"
"2073","Song et al. 2021","Faith's PD","AOM/DSS-Nrf2KO","male",8,8,-0.473016442703131,0.163265306122449,"lnVR","Song"
"2074","Song et al. 2021","Faith's PD","Nrf2KO","female",8,8,-0.408388279798572,0.163265306122449,"lnVR","Song"
"2075","Song et al. 2021","Faith's PD","Nrf2KO","male",8,8,0.107777878019185,0.163265306122449,"lnVR","Song"
"2076","Song et al. 2022","Faith's PD","AOM/DSS","female",4,7,0.148656680285536,0.319444444444444,"lnVR","Song"
"2077","Song et al. 2022","Faith's PD","AOM/DSS","male",4,10,1.0453546007484,0.283950617283951,"lnVR","Song"
"2078","Song et al. 2022","Faith's PD","AOM/DSS_ steroid-injected","female",4,4,-1.26233894267589,0.444444444444444,"lnVR","Song"
"2079","Song et al. 2022","Faith's PD","AOM/DSS_ steroid-injected","male",4,8,1.27037187767454,0.303854875283447,"lnVR","Song"
"2080","Song et al. 2022","Faith's PD","orchiectomized","male",4,4,1.17286051964353,0.444444444444444,"lnVR","Song"
"2081","Song et al. 2022","Faith's PD","orchiectomized_ AOM/DSS","male",4,10,1.16079720420457,0.283950617283951,"lnVR","Song"
"2082","Song et al. 2022","Faith's PD","orchiectomized_ AOM/DSS_ steroid-injected","male",4,6,1.4985081610706,0.342222222222222,"lnVR","Song"
"2083","Sun et al. 2020","Faith's PD","High fat","female",8,7,-0.326775688485092,0.178854875283447,"lnVR","Sun"
"2084","Sun et al. 2020","Faith's PD","High fat","male",8,8,-0.16246250374813,0.163265306122449,"lnVR","Sun"
"2085","Sun et al. 2020","Faith's PD","Pomctm1/tm1","female",8,8,-0.32159508017092,0.163265306122449,"lnVR","Sun"
"2086","Sun et al. 2020","Faith's PD","Pomctm1/tm1","male",8,8,-0.352070349682074,0.163265306122449,"lnVR","Sun"
"2087","Sun et al. 2020","Faith's PD","Pomctm1/tm1, High fat","female",8,7,0.324927028400337,0.178854875283447,"lnVR","Sun"
"2088","Sun et al. 2020","Faith's PD","Pomctm1/tm1, High fat","male",8,8,-0.0837315421835026,0.163265306122449,"lnVR","Sun"
"2089","Tam et al. 2020","Faith's PD","""Smoke exposed, ovariectomy""_cecal","female",10,8,-0.0365330180351971,0.143361048122953,"lnVR","Tam"
"2090","Tam et al. 2020","Faith's PD","Smoke exposed_cecal","female",10,10,-0.562104490893212,0.123456790123457,"lnVR","Tam"
"2091","Tam et al. 2020","Faith's PD","Smoke exposed_cecal","male",10,10,-0.975445254065796,0.123456790123457,"lnVR","Tam"
"2092","Tam et al. 2020","Faith's PD","ovariectomy_cecal","female",10,10,0.0818842337240702,0.123456790123457,"lnVR","Tam"
"2093","Tashiro et al. 2020","Faith's PD","Cellulose","female",8,8,-0.789985703475889,0.163265306122449,"lnVR","Tashiro"
"2094","Tashiro et al. 2020","Faith's PD","Cellulose","male",8,8,-0.47651849213365,0.163265306122449,"lnVR","Tashiro"
"2095","Tashiro et al. 2020","Faith's PD","Fiberfree","female",8,8,-0.79497471620247,0.163265306122449,"lnVR","Tashiro"
"2096","Tashiro et al. 2020","Faith's PD","Fiberfree","male",8,8,-0.452622234378578,0.163265306122449,"lnVR","Tashiro"
"2097","Tashiro et al. 2020","Faith's PD","Pectin","female",8,8,0.771568766639711,0.163265306122449,"lnVR","Tashiro"
"2098","Tashiro et al. 2020","Faith's PD","Pectin","male",8,8,0.390275571967766,0.163265306122449,"lnVR","Tashiro"
"2099","Velasco et al. 2021","Faith's PD","C57BL/6J","female",4,NA,NA,NA,"lnVR","Velasco"
"2100","Velasco et al. 2021","Faith's PD","C57BL/6J","male",4,NA,NA,NA,"lnVR","Velasco"
"2101","Velasco et al. 2021","Faith's PD","MRL/MpJ","female",NA,4,NA,NA,"lnVR","Velasco"
"2102","Velasco et al. 2021","Faith's PD","MRL/MpJ","male",NA,4,NA,NA,"lnVR","Velasco"
"2103","Weng et al. 2019","Faith's PD","APOE2_APP transgene +","female",NA,11,NA,NA,"lnVR","Weng"
"2104","Weng et al. 2019","Faith's PD","APOE2_APP transgene +","male",NA,6,NA,NA,"lnVR","Weng"
"2105","Weng et al. 2019","Faith's PD","APOE2_APP transgene -","female",NA,18,NA,NA,"lnVR","Weng"
"2106","Weng et al. 2019","Faith's PD","APOE2_APP transgene -","male",NA,16,NA,NA,"lnVR","Weng"
"2107","Weng et al. 2019","Faith's PD","APOE3_APP transgene +","female",NA,21,NA,NA,"lnVR","Weng"
"2108","Weng et al. 2019","Faith's PD","APOE3_APP transgene +","male",NA,13,NA,NA,"lnVR","Weng"
"2109","Weng et al. 2019","Faith's PD","APOE3_APP transgene -","female",NA,15,NA,NA,"lnVR","Weng"
"2110","Weng et al. 2019","Faith's PD","APOE3_APP transgene -","male",NA,20,NA,NA,"lnVR","Weng"
"2111","Weng et al. 2019","Faith's PD","APOE4_APP transgene +","female",NA,24,NA,NA,"lnVR","Weng"
"2112","Weng et al. 2019","Faith's PD","APOE4_APP transgene +","male",NA,19,NA,NA,"lnVR","Weng"
"2113","Weng et al. 2019","Faith's PD","APOE4_APP transgene -","female",NA,24,NA,NA,"lnVR","Weng"
"2114","Weng et al. 2019","Faith's PD","APOE4_APP transgene -","male",NA,32,NA,NA,"lnVR","Weng"
"2115","Wolfe et al. 2020","Faith's PD","Smad3-/-_CRC_SFB+_cecal","female",NA,7,NA,NA,"lnVR","Wolfe"
"2116","Wolfe et al. 2020","Faith's PD","Smad3-/-_CRC_SFB+_cecal","male",NA,1,NA,NA,"lnVR","Wolfe"
"2117","Wolfe et al. 2020","Faith's PD","Smad3-/-_CRC_SFB+_fecal","female",NA,68,NA,NA,"lnVR","Wolfe"
"2118","Wolfe et al. 2020","Faith's PD","Smad3-/-_CRC_SFB+_fecal","male",NA,10,NA,NA,"lnVR","Wolfe"
"2119","Wolfe et al. 2020","Faith's PD","Smad3-/-_CRC_SFB-_cecal","female",NA,7,NA,NA,"lnVR","Wolfe"
"2120","Wolfe et al. 2020","Faith's PD","Smad3-/-_CRC_SFB-_cecal","male",NA,2,NA,NA,"lnVR","Wolfe"
"2121","Wolfe et al. 2020","Faith's PD","Smad3-/-_CRC_SFB-_fecal","female",NA,83,NA,NA,"lnVR","Wolfe"
"2122","Wolfe et al. 2020","Faith's PD","Smad3-/-_CRC_SFB-_fecal","male",NA,34,NA,NA,"lnVR","Wolfe"
"2123","Wolfe et al. 2020","Faith's PD","Smad3-/-_healthy_SFB+_cecal","female",NA,5,NA,NA,"lnVR","Wolfe"
"2124","Wolfe et al. 2020","Faith's PD","Smad3-/-_healthy_SFB+_cecal","male",NA,15,NA,NA,"lnVR","Wolfe"
"2125","Wolfe et al. 2020","Faith's PD","Smad3-/-_healthy_SFB+_fecal","female",NA,49,NA,NA,"lnVR","Wolfe"
"2126","Wolfe et al. 2020","Faith's PD","Smad3-/-_healthy_SFB+_fecal","male",NA,156,NA,NA,"lnVR","Wolfe"
"2127","Wolfe et al. 2020","Faith's PD","Smad3-/-_healthy_SFB-_cecal","female",NA,10,NA,NA,"lnVR","Wolfe"
"2128","Wolfe et al. 2020","Faith's PD","Smad3-/-_healthy_SFB-_cecal","male",NA,15,NA,NA,"lnVR","Wolfe"
"2129","Wolfe et al. 2020","Faith's PD","Smad3-/-_healthy_SFB-_fecal","female",NA,135,NA,NA,"lnVR","Wolfe"
"2130","Wolfe et al. 2020","Faith's PD","Smad3-/-_healthy_SFB-_fecal","male",NA,158,NA,NA,"lnVR","Wolfe"
"2131","Zajac et al. 2022","Faith's PD","APOE2/E2_cecal","female",NA,6,NA,NA,"lnVR","Zajac"
"2132","Zajac et al. 2022","Faith's PD","APOE2/E2_cecal","male",NA,5,NA,NA,"lnVR","Zajac"
"2133","Zajac et al. 2022","Faith's PD","APOE2/E2_fecal","female",NA,21,NA,NA,"lnVR","Zajac"
"2134","Zajac et al. 2022","Faith's PD","APOE2/E2_fecal","male",NA,15,NA,NA,"lnVR","Zajac"
"2135","Zajac et al. 2022","Faith's PD","APOE2/E2_small bowel","female",NA,3,NA,NA,"lnVR","Zajac"
"2136","Zajac et al. 2022","Faith's PD","APOE2/E2_small bowel","male",NA,2,NA,NA,"lnVR","Zajac"
"2137","Zajac et al. 2022","Faith's PD","APOE2/E3_cecal","female",NA,10,NA,NA,"lnVR","Zajac"
"2138","Zajac et al. 2022","Faith's PD","APOE2/E3_cecal","male",NA,7,NA,NA,"lnVR","Zajac"
"2139","Zajac et al. 2022","Faith's PD","APOE2/E3_fecal","female",NA,36,NA,NA,"lnVR","Zajac"
"2140","Zajac et al. 2022","Faith's PD","APOE2/E3_fecal","male",NA,21,NA,NA,"lnVR","Zajac"
"2141","Zajac et al. 2022","Faith's PD","APOE2/E3_small bowel","male",NA,1,NA,NA,"lnVR","Zajac"
"2142","Zajac et al. 2022","Faith's PD","APOE2_fecal","female",NA,7,NA,NA,"lnVR","Zajac"
"2143","Zajac et al. 2022","Faith's PD","APOE2_fecal","male",NA,8,NA,NA,"lnVR","Zajac"
"2144","Zajac et al. 2022","Faith's PD","APOE3/E3_cecal","female",NA,5,NA,NA,"lnVR","Zajac"
"2145","Zajac et al. 2022","Faith's PD","APOE3/E3_cecal","male",NA,13,NA,NA,"lnVR","Zajac"
"2146","Zajac et al. 2022","Faith's PD","APOE3/E3_fecal","female",NA,15,NA,NA,"lnVR","Zajac"
"2147","Zajac et al. 2022","Faith's PD","APOE3/E3_fecal","male",NA,41,NA,NA,"lnVR","Zajac"
"2148","Zajac et al. 2022","Faith's PD","APOE3/E3_small bowel","female",NA,2,NA,NA,"lnVR","Zajac"
"2149","Zajac et al. 2022","Faith's PD","APOE3/E3_small bowel","male",NA,4,NA,NA,"lnVR","Zajac"
"2150","Zajac et al. 2022","Faith's PD","APOE3/E4_cecal","female",NA,8,NA,NA,"lnVR","Zajac"
"2151","Zajac et al. 2022","Faith's PD","APOE3/E4_cecal","male",NA,10,NA,NA,"lnVR","Zajac"
"2152","Zajac et al. 2022","Faith's PD","APOE3/E4_fecal","female",NA,23,NA,NA,"lnVR","Zajac"
"2153","Zajac et al. 2022","Faith's PD","APOE3/E4_fecal","male",NA,32,NA,NA,"lnVR","Zajac"
"2154","Zajac et al. 2022","Faith's PD","APOE3/E4_small bowel","female",NA,1,NA,NA,"lnVR","Zajac"
"2155","Zajac et al. 2022","Faith's PD","APOE3_fecal","female",NA,7,NA,NA,"lnVR","Zajac"
"2156","Zajac et al. 2022","Faith's PD","APOE3_fecal","male",NA,6,NA,NA,"lnVR","Zajac"
"2157","Zajac et al. 2022","Faith's PD","APOE4/E4_cecal","female",NA,4,NA,NA,"lnVR","Zajac"
"2158","Zajac et al. 2022","Faith's PD","APOE4/E4_cecal","male",NA,5,NA,NA,"lnVR","Zajac"
"2159","Zajac et al. 2022","Faith's PD","APOE4/E4_fecal","female",NA,19,NA,NA,"lnVR","Zajac"
"2160","Zajac et al. 2022","Faith's PD","APOE4/E4_fecal","male",NA,15,NA,NA,"lnVR","Zajac"
"2161","Zajac et al. 2022","Faith's PD","APOE4/E4_small bowel","female",NA,3,NA,NA,"lnVR","Zajac"
"2162","Zajac et al. 2022","Faith's PD","APOE4/E4_small bowel","male",NA,3,NA,NA,"lnVR","Zajac"
"2163","Zajac et al. 2022","Faith's PD","APOE4_fecal","female",NA,7,NA,NA,"lnVR","Zajac"
"2164","Zajac et al. 2022","Faith's PD","APOE4_fecal","male",NA,7,NA,NA,"lnVR","Zajac"
"2165","Zou et al. 2021","Faith's PD","Glrx1 KO + High fat chow","female",4,4,-0.199260074318042,0.444444444444444,"lnVR","Zou"
"2166","Zou et al. 2021","Faith's PD","Glrx1 KO + High fat chow","male",4,4,0.0865049365403787,0.444444444444444,"lnVR","Zou"
"2167","Zou et al. 2021","Faith's PD","Glrx1 KO + Standard chow","female",4,3,-0.289363900249128,0.597222222222222,"lnVR","Zou"
"2168","Zou et al. 2021","Faith's PD","Glrx1 KO + Standard chow","male",4,2,-0.886825593456823,1.22222222222222,"lnVR","Zou"
"2169","Zou et al. 2021","Faith's PD","High fat chow","female",4,5,-0.103472284378655,0.378472222222222,"lnVR","Zou"
"2170","Zou et al. 2021","Faith's PD","High fat chow","male",4,5,-0.240742355778757,0.378472222222222,"lnVR","Zou"
"2171","Cheema & Pluznick 2019","Shannon","Ang II infusion","female",3,3,-0.828813594509974,0.75,"lnVR","Cheema"
"2172","Cheema & Pluznick 2019","Shannon","Ang II infusion","male",3,3,-0.76237373744194,0.75,"lnVR","Cheema"
"2173","Ellis et al. 2021","Shannon","13C11MK4_cecal","female",7,7,0.194483629726758,0.194444444444444,"lnVR","Ellis"
"2174","Ellis et al. 2021","Shannon","13C11MK4_cecal","male",7,7,-0.191215514746011,0.194444444444444,"lnVR","Ellis"
"2175","Ellis et al. 2021","Shannon","2H7MK7_cecal","female",7,7,0.306538456745885,0.194444444444444,"lnVR","Ellis"
"2176","Ellis et al. 2021","Shannon","2H7MK7_cecal","male",7,7,-0.578766899394031,0.194444444444444,"lnVR","Ellis"
"2177","Ellis et al. 2021","Shannon","2H7MK9_cecal","female",7,7,0.407372200904478,0.194444444444444,"lnVR","Ellis"
"2178","Ellis et al. 2021","Shannon","2H7MK9_cecal","male",7,7,-0.800271859672579,0.194444444444444,"lnVR","Ellis"
"2179","Ellis et al. 2021","Shannon","2H7PK_cecal","female",7,7,0.402893563356602,0.194444444444444,"lnVR","Ellis"
"2180","Ellis et al. 2021","Shannon","2H7PK_cecal","male",7,7,-0.0474429732512077,0.194444444444444,"lnVR","Ellis"
"2181","Ellis et al. 2021","Shannon","Combo_cecal","female",7,9,0.172385167627684,0.167534722222222,"lnVR","Ellis"
"2182","Ellis et al. 2021","Shannon","Combo_cecal","male",7,10,-0.438974029912736,0.158950617283951,"lnVR","Ellis"
"2183","Ellis et al. 2021","Shannon","MK4_cecal","female",7,10,0.192767256745115,0.158950617283951,"lnVR","Ellis"
"2184","Ellis et al. 2021","Shannon","MK4_cecal","male",7,10,-0.602877511285227,0.158950617283951,"lnVR","Ellis"
"2185","Ellis et al. 2021","Shannon","MK9_cecal","female",7,9,-0.270530640839219,0.167534722222222,"lnVR","Ellis"
"2186","Ellis et al. 2021","Shannon","MK9_cecal","male",7,9,-0.409199358794781,0.167534722222222,"lnVR","Ellis"
"2187","Ellis et al. 2021","Shannon","PK_cecal","female",7,9,0.022549208734625,0.167534722222222,"lnVR","Ellis"
"2188","Ellis et al. 2021","Shannon","PK_cecal","male",7,10,-0.345896892305482,0.158950617283951,"lnVR","Ellis"
"2189","Ellis et al. 2021","Shannon","VKdef_cecal","female",7,9,-0.000165978653917556,0.167534722222222,"lnVR","Ellis"
"2190","Ellis et al. 2021","Shannon","VKdef_cecal","male",7,8,-0.702058024982396,0.178854875283447,"lnVR","Ellis"
"2191","Gubert et al. 2022","Shannon","R6/1_Enviromental enrichment ","female",8,7,-0.105479510431289,0.178854875283447,"lnVR","Gubert"
"2192","Gubert et al. 2022","Shannon","R6/1_Enviromental enrichment ","female",8,7,-0.255935919118712,0.178854875283447,"lnVR","Gubert"
"2193","Gubert et al. 2022","Shannon","R6/1_Enviromental enrichment ","male",8,8,-0.184629366024102,0.163265306122449,"lnVR","Gubert"
"2194","Gubert et al. 2022","Shannon","R6/1_Enviromental enrichment ","male",8,8,-0.357424240420415,0.163265306122449,"lnVR","Gubert"
"2195","Gubert et al. 2022","Shannon","R6/1_Exercise","female",8,8,-0.107590617061167,0.163265306122449,"lnVR","Gubert"
"2196","Gubert et al. 2022","Shannon","R6/1_Exercise","female",8,8,-0.258047025748591,0.163265306122449,"lnVR","Gubert"
"2197","Gubert et al. 2022","Shannon","R6/1_Exercise","male",8,8,-0.659960841574753,0.163265306122449,"lnVR","Gubert"
"2198","Gubert et al. 2022","Shannon","R6/1_Exercise","male",8,8,-0.832755715971067,0.163265306122449,"lnVR","Gubert"
"2199","Gubert et al. 2022","Shannon","WT_Enviromental enrichment ","female",8,8,-0.144485950752527,0.163265306122449,"lnVR","Gubert"
"2200","Gubert et al. 2022","Shannon","WT_Enviromental enrichment ","female",8,8,-0.29494235943995,0.163265306122449,"lnVR","Gubert"
"2201","Gubert et al. 2022","Shannon","WT_Enviromental enrichment ","male",8,8,0.1825467203293,0.163265306122449,"lnVR","Gubert"
"2202","Gubert et al. 2022","Shannon","WT_Enviromental enrichment ","male",8,8,0.00975184593298739,0.163265306122449,"lnVR","Gubert"
"2203","Gubert et al. 2022","Shannon","WT_Exercise","female",8,8,-0.569479702078635,0.163265306122449,"lnVR","Gubert"
"2204","Gubert et al. 2022","Shannon","WT_Exercise","female",8,8,-0.719936110766059,0.163265306122449,"lnVR","Gubert"
"2205","Gubert et al. 2022","Shannon","WT_Exercise","male",8,8,-0.242914661365706,0.163265306122449,"lnVR","Gubert"
"2206","Gubert et al. 2022","Shannon","WT_Exercise","male",8,8,-0.415709535762019,0.163265306122449,"lnVR","Gubert"
"2207","Ibrahim et al. 2019","Shannon","AOM/DSS","female",4,3,1.23288869182222,0.597222222222222,"lnVR","Ibrahim"
"2208","Ibrahim et al. 2019","Shannon","AOM/DSS","female",4,3,0.464803312156434,0.597222222222222,"lnVR","Ibrahim"
"2209","Ibrahim et al. 2019","Shannon","AOM/DSS","male",4,7,-0.716722927125327,0.319444444444444,"lnVR","Ibrahim"
"2210","Ibrahim et al. 2019","Shannon","AOM/DSS","male",4,7,0.832632350697766,0.319444444444444,"lnVR","Ibrahim"
"2211","Ibrahim et al. 2019","Shannon","AOM/DSS-ERbKOVil","female",4,6,0.777146963037466,0.342222222222222,"lnVR","Ibrahim"
"2212","Ibrahim et al. 2019","Shannon","AOM/DSS-ERbKOVil","female",4,6,0.00906158337168073,0.342222222222222,"lnVR","Ibrahim"
"2213","Ibrahim et al. 2019","Shannon","AOM/DSS-ERbKOVil","male",4,7,-1.04244293893433,0.319444444444444,"lnVR","Ibrahim"
"2214","Ibrahim et al. 2019","Shannon","AOM/DSS-ERbKOVil","male",4,7,0.506912338888761,0.319444444444444,"lnVR","Ibrahim"
"2215","Kozik et al. 2019","Shannon","Colitis-cecal","female",3,7,0.615288936445915,0.472222222222222,"lnVR","Kozik"
"2216","Kozik et al. 2019","Shannon","Colitis-cecal","female",3,7,-1.46464996027059,0.472222222222222,"lnVR","Kozik"
"2217","Kozik et al. 2019","Shannon","Colitis-cecal","female",3,7,-1.20735834354046,0.472222222222222,"lnVR","Kozik"
"2218","Kozik et al. 2019","Shannon","Colitis-cecal","female",3,7,0.16991739909099,0.472222222222222,"lnVR","Kozik"
"2219","Kozik et al. 2019","Shannon","Colitis-cecal","male",2,7,0.318770108837531,1.09722222222222,"lnVR","Kozik"
"2220","Kozik et al. 2019","Shannon","Colitis-cecal","male",2,7,-0.271858830328451,1.09722222222222,"lnVR","Kozik"
"2221","Kozik et al. 2019","Shannon","Colitis-cecal","male",2,7,0.289690317743866,1.09722222222222,"lnVR","Kozik"
"2222","Kozik et al. 2019","Shannon","Colitis-colonMucus","female",3,4,1.24118622752874,0.597222222222222,"lnVR","Kozik"
"2223","Kozik et al. 2019","Shannon","Colitis-colonMucus","female",3,4,-0.838752669187772,0.597222222222222,"lnVR","Kozik"
"2224","Kozik et al. 2019","Shannon","Colitis-colonMucus","female",3,4,-0.581461052457634,0.597222222222222,"lnVR","Kozik"
"2225","Kozik et al. 2019","Shannon","Colitis-colonMucus","female",3,4,0.795814690173813,0.597222222222222,"lnVR","Kozik"
"2226","Kozik et al. 2019","Shannon","Colitis-colonMucus","male",2,5,0.627002624870023,1.15625,"lnVR","Kozik"
"2227","Kozik et al. 2019","Shannon","Colitis-colonMucus","male",2,5,0.0363736857040404,1.15625,"lnVR","Kozik"
"2228","Kozik et al. 2019","Shannon","Colitis-colonMucus","male",2,5,0.597922833776358,1.15625,"lnVR","Kozik"
"2229","Kozik et al. 2019","Shannon","Colitis-colonMucus_T0","male",2,1,NA,NA,"lnVR","Kozik"
"2230","Kozik et al. 2019","Shannon","Colitis-colonMucus_T0","male",2,1,NA,NA,"lnVR","Kozik"
"2231","Kozik et al. 2019","Shannon","Colitis-colonMucus_T0","male",2,1,NA,NA,"lnVR","Kozik"
"2232","Kozik et al. 2019","Shannon","Colitis-fecal","female",3,7,0.754236637042879,0.472222222222222,"lnVR","Kozik"
"2233","Kozik et al. 2019","Shannon","Colitis-fecal","female",3,7,-1.32570225967363,0.472222222222222,"lnVR","Kozik"
"2234","Kozik et al. 2019","Shannon","Colitis-fecal","female",3,7,-1.06841064294349,0.472222222222222,"lnVR","Kozik"
"2235","Kozik et al. 2019","Shannon","Colitis-fecal","female",3,7,0.308865099687955,0.472222222222222,"lnVR","Kozik"
"2236","Kozik et al. 2019","Shannon","Colitis-fecal","male",2,5,0.930164413354858,1.15625,"lnVR","Kozik"
"2237","Kozik et al. 2019","Shannon","Colitis-fecal","male",2,5,0.339535474188876,1.15625,"lnVR","Kozik"
"2238","Kozik et al. 2019","Shannon","Colitis-fecal","male",2,5,0.901084622261193,1.15625,"lnVR","Kozik"
"2239","Kozik et al. 2019","Shannon","Colitis-fecal_T0","female",3,7,0.400928156328125,0.472222222222222,"lnVR","Kozik"
"2240","Kozik et al. 2019","Shannon","Colitis-fecal_T0","female",3,7,-1.67901074038839,0.472222222222222,"lnVR","Kozik"
"2241","Kozik et al. 2019","Shannon","Colitis-fecal_T0","female",3,7,-1.42171912365825,0.472222222222222,"lnVR","Kozik"
"2242","Kozik et al. 2019","Shannon","Colitis-fecal_T0","female",3,7,-0.0444433810268001,0.472222222222222,"lnVR","Kozik"
"2243","Kozik et al. 2019","Shannon","Colitis-fecal_T0","male",2,7,1.1367059513431,1.09722222222222,"lnVR","Kozik"
"2244","Kozik et al. 2019","Shannon","Colitis-fecal_T0","male",2,7,0.546077012177118,1.09722222222222,"lnVR","Kozik"
"2245","Kozik et al. 2019","Shannon","Colitis-fecal_T0","male",2,7,1.10762616024944,1.09722222222222,"lnVR","Kozik"
"2246","Li et al. 2020","Shannon","Chow diet + STZ injection+ Distilled water ","female",NA,1,NA,NA,"lnVR","Li"
"2247","Li et al. 2020","Shannon","Chow diet + STZ injection+ Distilled water ","male",NA,5,NA,NA,"lnVR","Li"
"2248","Li et al. 2020","Shannon","HFD+ STZ injection + DNJ","female",NA,9,NA,NA,"lnVR","Li"
"2249","Li et al. 2020","Shannon","HFD+ STZ injection + DNJ","male",NA,1,NA,NA,"lnVR","Li"
"2250","Li et al. 2020","Shannon","HFD+ STZ injection+ Distilled water","female",NA,3,NA,NA,"lnVR","Li"
"2251","Lindheim et al. 2018","Shannon","PRJNA445979","female",NA,93,NA,NA,"lnVR","Lindheim"
"2252","Lindheim et al. 2018","Shannon","PRJNA445979","male",NA,76,NA,NA,"lnVR","Lindheim"
"2253","Lyte et al. 2022","Shannon","beef-chow","female",19,19,0.456067676334929,0.058641975308642,"lnVR","Lyte"
"2254","Lyte et al. 2022","Shannon","beef-chow","male",20,18,-0.354746135445607,0.0588426995370415,"lnVR","Lyte"
"2255","Lyte et al. 2022","Shannon","beef-chow-stress","female",19,20,0.254603058866499,0.0570218186792517,"lnVR","Lyte"
"2256","Lyte et al. 2022","Shannon","beef-chow-stress","male",20,18,-0.590435448938452,0.0588426995370415,"lnVR","Lyte"
"2257","Lyte et al. 2022","Shannon","chow-stress","female",19,20,0.286024376331511,0.0570218186792517,"lnVR","Lyte"
"2258","Lyte et al. 2022","Shannon","chow-stress","male",20,20,-0.393260338688492,0.0554016620498615,"lnVR","Lyte"
"2259","Pizarro et al. 2021","Shannon","Water-T0","female",8,NA,NA,NA,"lnVR","Pizarro"
"2260","Pizarro et al. 2021","Shannon","Water-T0","male",10,NA,NA,NA,"lnVR","Pizarro"
"2261","Pizarro et al. 2021","Shannon","EtOH-Syn-T1","female",NA,8,NA,NA,"lnVR","Pizarro"
"2262","Pizarro et al. 2021","Shannon","EtOH-Syn-T1","male",NA,10,NA,NA,"lnVR","Pizarro"
"2263","Pizarro et al. 2021","Shannon","EtOH-T1","female",NA,8,NA,NA,"lnVR","Pizarro"
"2264","Pizarro et al. 2021","Shannon","EtOH-T1","male",NA,10,NA,NA,"lnVR","Pizarro"
"2265","Pizarro et al. 2021","Shannon","Symbiotic-T0","female",NA,8,NA,NA,"lnVR","Pizarro"
"2266","Pizarro et al. 2021","Shannon","Symbiotic-T0","male",NA,10,NA,NA,"lnVR","Pizarro"
"2267","Ramakrishna et al. 2020","Shannon","ACV+IVIG-injected","female",3,4,0.289991291268844,0.597222222222222,"lnVR","Ramakrishna"
"2268","Ramakrishna et al. 2020","Shannon","ACV+IVIG-injected","male",2,1,NA,NA,"lnVR","Ramakrishna"
"2269","Ramakrishna et al. 2020","Shannon","ACV-injected","female",3,2,0.783040651966063,1.375,"lnVR","Ramakrishna"
"2270","Ramakrishna et al. 2020","Shannon","ACV-injected","male",2,3,-0.0505247141755196,1.375,"lnVR","Ramakrishna"
"2271","Ramakrishna et al. 2020","Shannon","HSV1-infected","female",3,5,0.338756476413497,0.53125,"lnVR","Ramakrishna"
"2272","Ramakrishna et al. 2020","Shannon","HSV1-infected","male",2,4,-0.862708090921879,1.22222222222222,"lnVR","Ramakrishna"
"2273","Ramakrishna et al. 2020","Shannon","HSV1-infected; ACV+IVIG-injected","female",3,3,-1.44433786087556,0.75,"lnVR","Ramakrishna"
"2274","Ramakrishna et al. 2020","Shannon","HSV1-infected; ACV+IVIG-injected","male",2,2,-2.07294601382033,2,"lnVR","Ramakrishna"
"2275","Ramakrishna et al. 2020","Shannon","HSV1-infected; ACV-injected","female",3,1,NA,NA,"lnVR","Ramakrishna"
"2276","Ramakrishna et al. 2020","Shannon","HSV1-infected; ACV-injected","male",2,1,NA,NA,"lnVR","Ramakrishna"
"2277","Ramakrishna et al. 2020","Shannon","HSV1-infected; IVIG-injected","female",3,1,NA,NA,"lnVR","Ramakrishna"
"2278","Ramakrishna et al. 2020","Shannon","HSV1-infected; IVIG-injected","male",2,3,-0.824976764210598,1.375,"lnVR","Ramakrishna"
"2279","Ramakrishna et al. 2020","Shannon","IVIG-injected","female",3,5,0.423140061928724,0.53125,"lnVR","Ramakrishna"
"2280","Ramakrishna et al. 2020","Shannon","IVIG-injected","male",2,5,-1.27188347669641,1.15625,"lnVR","Ramakrishna"
"2281","Son et al. 2019","Shannon","IL-10 Knockout ","female",8,8,-0.219634679835306,0.163265306122449,"lnVR","Son"
"2282","Son et al. 2019","Shannon","IL-10 Knockout ","male",8,8,1.14684112225286,0.163265306122449,"lnVR","Son"
"2283","Song et al. 2020","Shannon","AOM/DSS","male",5,12,-0.393939863305728,0.205836776859504,"lnVR","Song"
"2284","Song et al. 2020","Shannon","AOM/DSS E2-supplemented","male",5,12,0.107443240557203,0.205836776859504,"lnVR","Song"
"2285","Song et al. 2020","Shannon","E2-supplemented","male",5,12,-0.179335022652749,0.205836776859504,"lnVR","Song"
"2286","Song et al. 2020","Shannon","ovariectomized ","female",11,7,0.0361049726618672,0.152222222222222,"lnVR","Song"
"2287","Song et al. 2021","Shannon","AOM/DSS","female",8,8,-0.314762621446968,0.163265306122449,"lnVR","Song"
"2288","Song et al. 2021","Shannon","AOM/DSS","male",8,8,0.708168347217953,0.163265306122449,"lnVR","Song"
"2289","Song et al. 2021","Shannon","AOM/DSS-Nrf2KO","female",8,8,-0.370645900118044,0.163265306122449,"lnVR","Song"
"2290","Song et al. 2021","Shannon","AOM/DSS-Nrf2KO","male",8,8,0.529298834143976,0.163265306122449,"lnVR","Song"
"2291","Song et al. 2021","Shannon","Nrf2KO","female",8,8,-0.647041027950892,0.163265306122449,"lnVR","Song"
"2292","Song et al. 2021","Shannon","Nrf2KO","male",8,8,0.713323764704922,0.163265306122449,"lnVR","Song"
"2293","Song et al. 2022","Shannon","AOM/DSS","female",4,7,1.05614066922471,0.319444444444444,"lnVR","Song"
"2294","Song et al. 2022","Shannon","AOM/DSS","male",4,10,-0.0615635028768583,0.283950617283951,"lnVR","Song"
"2295","Song et al. 2022","Shannon","AOM/DSS_ steroid-injected","female",4,4,1.18404639512224,0.444444444444444,"lnVR","Song"
"2296","Song et al. 2022","Shannon","AOM/DSS_ steroid-injected","male",4,8,-0.107958327878261,0.303854875283447,"lnVR","Song"
"2297","Song et al. 2022","Shannon","orchiectomized","male",4,4,-0.335943494919864,0.444444444444444,"lnVR","Song"
"2298","Song et al. 2022","Shannon","orchiectomized_ AOM/DSS","male",4,10,0.295395803672492,0.283950617283951,"lnVR","Song"
"2299","Song et al. 2022","Shannon","orchiectomized_ AOM/DSS_ steroid-injected","male",4,6,-0.174472420319805,0.342222222222222,"lnVR","Song"
"2300","Sun et al. 2020","Shannon","High fat","female",8,7,-0.139462422882514,0.178854875283447,"lnVR","Sun"
"2301","Sun et al. 2020","Shannon","High fat","male",8,8,-0.358741923191409,0.163265306122449,"lnVR","Sun"
"2302","Sun et al. 2020","Shannon","Pomctm1/tm1","female",8,8,0.25333915931774,0.163265306122449,"lnVR","Sun"
"2303","Sun et al. 2020","Shannon","Pomctm1/tm1","male",8,8,0.219030252735812,0.163265306122449,"lnVR","Sun"
"2304","Sun et al. 2020","Shannon","Pomctm1/tm1, High fat","female",8,7,0.0698838461567338,0.178854875283447,"lnVR","Sun"
"2305","Sun et al. 2020","Shannon","Pomctm1/tm1, High fat","male",8,8,0.53051616942516,0.163265306122449,"lnVR","Sun"
"2306","Tam et al. 2020","Shannon","""Smoke exposed, ovariectomy""_cecal","female",10,8,0.0522701838382596,0.143361048122953,"lnVR","Tam"
"2307","Tam et al. 2020","Shannon","Smoke exposed_cecal","female",10,10,-0.139231129105218,0.123456790123457,"lnVR","Tam"
"2308","Tam et al. 2020","Shannon","Smoke exposed_cecal","male",10,10,0.420276751675125,0.123456790123457,"lnVR","Tam"
"2309","Tam et al. 2020","Shannon","ovariectomy_cecal","female",10,10,0.185756816730983,0.123456790123457,"lnVR","Tam"
"2310","Tashiro et al. 2020","Shannon","Cellulose","female",8,8,-0.41523657449976,0.163265306122449,"lnVR","Tashiro"
"2311","Tashiro et al. 2020","Shannon","Cellulose","male",8,8,-0.0792911784421523,0.163265306122449,"lnVR","Tashiro"
"2312","Tashiro et al. 2020","Shannon","Fiberfree","female",8,8,-0.783441702771696,0.163265306122449,"lnVR","Tashiro"
"2313","Tashiro et al. 2020","Shannon","Fiberfree","male",8,8,-1.43937348046742,0.163265306122449,"lnVR","Tashiro"
"2314","Tashiro et al. 2020","Shannon","Pectin","female",8,8,-0.351732494435234,0.163265306122449,"lnVR","Tashiro"
"2315","Tashiro et al. 2020","Shannon","Pectin","male",8,8,-0.283826357576065,0.163265306122449,"lnVR","Tashiro"
"2316","Velasco et al. 2021","Shannon","C57BL/6J","female",4,NA,NA,NA,"lnVR","Velasco"
"2317","Velasco et al. 2021","Shannon","C57BL/6J","male",4,NA,NA,NA,"lnVR","Velasco"
"2318","Velasco et al. 2021","Shannon","MRL/MpJ","female",NA,4,NA,NA,"lnVR","Velasco"
"2319","Velasco et al. 2021","Shannon","MRL/MpJ","male",NA,4,NA,NA,"lnVR","Velasco"
"2320","Weng et al. 2019","Shannon","APOE2_APP transgene +","female",NA,11,NA,NA,"lnVR","Weng"
"2321","Weng et al. 2019","Shannon","APOE2_APP transgene +","male",NA,6,NA,NA,"lnVR","Weng"
"2322","Weng et al. 2019","Shannon","APOE2_APP transgene -","female",NA,18,NA,NA,"lnVR","Weng"
"2323","Weng et al. 2019","Shannon","APOE2_APP transgene -","male",NA,16,NA,NA,"lnVR","Weng"
"2324","Weng et al. 2019","Shannon","APOE3_APP transgene +","female",NA,21,NA,NA,"lnVR","Weng"
"2325","Weng et al. 2019","Shannon","APOE3_APP transgene +","male",NA,13,NA,NA,"lnVR","Weng"
"2326","Weng et al. 2019","Shannon","APOE3_APP transgene -","female",NA,15,NA,NA,"lnVR","Weng"
"2327","Weng et al. 2019","Shannon","APOE3_APP transgene -","male",NA,20,NA,NA,"lnVR","Weng"
"2328","Weng et al. 2019","Shannon","APOE4_APP transgene +","female",NA,24,NA,NA,"lnVR","Weng"
"2329","Weng et al. 2019","Shannon","APOE4_APP transgene +","male",NA,19,NA,NA,"lnVR","Weng"
"2330","Weng et al. 2019","Shannon","APOE4_APP transgene -","female",NA,24,NA,NA,"lnVR","Weng"
"2331","Weng et al. 2019","Shannon","APOE4_APP transgene -","male",NA,32,NA,NA,"lnVR","Weng"
"2332","Wolfe et al. 2020","Shannon","Smad3-/-_CRC_SFB+_cecal","female",NA,7,NA,NA,"lnVR","Wolfe"
"2333","Wolfe et al. 2020","Shannon","Smad3-/-_CRC_SFB+_cecal","male",NA,1,NA,NA,"lnVR","Wolfe"
"2334","Wolfe et al. 2020","Shannon","Smad3-/-_CRC_SFB+_fecal","female",NA,68,NA,NA,"lnVR","Wolfe"
"2335","Wolfe et al. 2020","Shannon","Smad3-/-_CRC_SFB+_fecal","male",NA,10,NA,NA,"lnVR","Wolfe"
"2336","Wolfe et al. 2020","Shannon","Smad3-/-_CRC_SFB-_cecal","female",NA,7,NA,NA,"lnVR","Wolfe"
"2337","Wolfe et al. 2020","Shannon","Smad3-/-_CRC_SFB-_cecal","male",NA,2,NA,NA,"lnVR","Wolfe"
"2338","Wolfe et al. 2020","Shannon","Smad3-/-_CRC_SFB-_fecal","female",NA,83,NA,NA,"lnVR","Wolfe"
"2339","Wolfe et al. 2020","Shannon","Smad3-/-_CRC_SFB-_fecal","male",NA,34,NA,NA,"lnVR","Wolfe"
"2340","Wolfe et al. 2020","Shannon","Smad3-/-_healthy_SFB+_cecal","female",NA,5,NA,NA,"lnVR","Wolfe"
"2341","Wolfe et al. 2020","Shannon","Smad3-/-_healthy_SFB+_cecal","male",NA,15,NA,NA,"lnVR","Wolfe"
"2342","Wolfe et al. 2020","Shannon","Smad3-/-_healthy_SFB+_fecal","female",NA,49,NA,NA,"lnVR","Wolfe"
"2343","Wolfe et al. 2020","Shannon","Smad3-/-_healthy_SFB+_fecal","male",NA,156,NA,NA,"lnVR","Wolfe"
"2344","Wolfe et al. 2020","Shannon","Smad3-/-_healthy_SFB-_cecal","female",NA,10,NA,NA,"lnVR","Wolfe"
"2345","Wolfe et al. 2020","Shannon","Smad3-/-_healthy_SFB-_cecal","male",NA,15,NA,NA,"lnVR","Wolfe"
"2346","Wolfe et al. 2020","Shannon","Smad3-/-_healthy_SFB-_fecal","female",NA,135,NA,NA,"lnVR","Wolfe"
"2347","Wolfe et al. 2020","Shannon","Smad3-/-_healthy_SFB-_fecal","male",NA,158,NA,NA,"lnVR","Wolfe"
"2348","Zajac et al. 2022","Shannon","APOE2/E2_cecal","female",NA,6,NA,NA,"lnVR","Zajac"
"2349","Zajac et al. 2022","Shannon","APOE2/E2_cecal","male",NA,5,NA,NA,"lnVR","Zajac"
"2350","Zajac et al. 2022","Shannon","APOE2/E2_fecal","female",NA,21,NA,NA,"lnVR","Zajac"
"2351","Zajac et al. 2022","Shannon","APOE2/E2_fecal","male",NA,15,NA,NA,"lnVR","Zajac"
"2352","Zajac et al. 2022","Shannon","APOE2/E2_small bowel","female",NA,3,NA,NA,"lnVR","Zajac"
"2353","Zajac et al. 2022","Shannon","APOE2/E2_small bowel","male",NA,2,NA,NA,"lnVR","Zajac"
"2354","Zajac et al. 2022","Shannon","APOE2/E3_cecal","female",NA,10,NA,NA,"lnVR","Zajac"
"2355","Zajac et al. 2022","Shannon","APOE2/E3_cecal","male",NA,7,NA,NA,"lnVR","Zajac"
"2356","Zajac et al. 2022","Shannon","APOE2/E3_fecal","female",NA,36,NA,NA,"lnVR","Zajac"
"2357","Zajac et al. 2022","Shannon","APOE2/E3_fecal","male",NA,21,NA,NA,"lnVR","Zajac"
"2358","Zajac et al. 2022","Shannon","APOE2/E3_small bowel","male",NA,1,NA,NA,"lnVR","Zajac"
"2359","Zajac et al. 2022","Shannon","APOE2_fecal","female",NA,7,NA,NA,"lnVR","Zajac"
"2360","Zajac et al. 2022","Shannon","APOE2_fecal","male",NA,8,NA,NA,"lnVR","Zajac"
"2361","Zajac et al. 2022","Shannon","APOE3/E3_cecal","female",NA,5,NA,NA,"lnVR","Zajac"
"2362","Zajac et al. 2022","Shannon","APOE3/E3_cecal","male",NA,13,NA,NA,"lnVR","Zajac"
"2363","Zajac et al. 2022","Shannon","APOE3/E3_fecal","female",NA,15,NA,NA,"lnVR","Zajac"
"2364","Zajac et al. 2022","Shannon","APOE3/E3_fecal","male",NA,41,NA,NA,"lnVR","Zajac"
"2365","Zajac et al. 2022","Shannon","APOE3/E3_small bowel","female",NA,2,NA,NA,"lnVR","Zajac"
"2366","Zajac et al. 2022","Shannon","APOE3/E3_small bowel","male",NA,4,NA,NA,"lnVR","Zajac"
"2367","Zajac et al. 2022","Shannon","APOE3/E4_cecal","female",NA,8,NA,NA,"lnVR","Zajac"
"2368","Zajac et al. 2022","Shannon","APOE3/E4_cecal","male",NA,10,NA,NA,"lnVR","Zajac"
"2369","Zajac et al. 2022","Shannon","APOE3/E4_fecal","female",NA,23,NA,NA,"lnVR","Zajac"
"2370","Zajac et al. 2022","Shannon","APOE3/E4_fecal","male",NA,32,NA,NA,"lnVR","Zajac"
"2371","Zajac et al. 2022","Shannon","APOE3/E4_small bowel","female",NA,1,NA,NA,"lnVR","Zajac"
"2372","Zajac et al. 2022","Shannon","APOE3_fecal","female",NA,7,NA,NA,"lnVR","Zajac"
"2373","Zajac et al. 2022","Shannon","APOE3_fecal","male",NA,6,NA,NA,"lnVR","Zajac"
"2374","Zajac et al. 2022","Shannon","APOE4/E4_cecal","female",NA,4,NA,NA,"lnVR","Zajac"
"2375","Zajac et al. 2022","Shannon","APOE4/E4_cecal","male",NA,5,NA,NA,"lnVR","Zajac"
"2376","Zajac et al. 2022","Shannon","APOE4/E4_fecal","female",NA,19,NA,NA,"lnVR","Zajac"
"2377","Zajac et al. 2022","Shannon","APOE4/E4_fecal","male",NA,15,NA,NA,"lnVR","Zajac"
"2378","Zajac et al. 2022","Shannon","APOE4/E4_small bowel","female",NA,3,NA,NA,"lnVR","Zajac"
"2379","Zajac et al. 2022","Shannon","APOE4/E4_small bowel","male",NA,3,NA,NA,"lnVR","Zajac"
"2380","Zajac et al. 2022","Shannon","APOE4_fecal","female",NA,7,NA,NA,"lnVR","Zajac"
"2381","Zajac et al. 2022","Shannon","APOE4_fecal","male",NA,7,NA,NA,"lnVR","Zajac"
"2382","Zou et al. 2021","Shannon","Glrx1 KO + High fat chow","female",4,4,-0.987730532250403,0.444444444444444,"lnVR","Zou"
"2383","Zou et al. 2021","Shannon","Glrx1 KO + High fat chow","male",4,4,1.05965404981508,0.444444444444444,"lnVR","Zou"
"2384","Zou et al. 2021","Shannon","Glrx1 KO + Standard chow","female",4,3,-0.423584000915509,0.597222222222222,"lnVR","Zou"
"2385","Zou et al. 2021","Shannon","Glrx1 KO + Standard chow","male",4,2,0.130407583166301,1.22222222222222,"lnVR","Zou"
"2386","Zou et al. 2021","Shannon","High fat chow","female",4,5,-0.993329295974766,0.378472222222222,"lnVR","Zou"
"2387","Zou et al. 2021","Shannon","High fat chow","male",4,5,0.773766044901428,0.378472222222222,"lnVR","Zou"
"2388","Cheema & Pluznick 2019","Simpson","Ang II infusion","female",3,3,-0.20732937638152,0.75,"lnVR","Cheema"
"2389","Cheema & Pluznick 2019","Simpson","Ang II infusion","male",3,3,-0.971787054217412,0.75,"lnVR","Cheema"
"2390","Ellis et al. 2021","Simpson","13C11MK4_cecal","female",7,7,0.4929180892845,0.194444444444444,"lnVR","Ellis"
"2391","Ellis et al. 2021","Simpson","13C11MK4_cecal","male",7,7,0.154350244577393,0.194444444444444,"lnVR","Ellis"
"2392","Ellis et al. 2021","Simpson","2H7MK7_cecal","female",7,7,0.655452603630062,0.194444444444444,"lnVR","Ellis"
"2393","Ellis et al. 2021","Simpson","2H7MK7_cecal","male",7,7,-0.462628847542028,0.194444444444444,"lnVR","Ellis"
"2394","Ellis et al. 2021","Simpson","2H7MK9_cecal","female",7,7,0.822801713347658,0.194444444444444,"lnVR","Ellis"
"2395","Ellis et al. 2021","Simpson","2H7MK9_cecal","male",7,7,-1.25046299394397,0.194444444444444,"lnVR","Ellis"
"2396","Ellis et al. 2021","Simpson","2H7PK_cecal","female",7,7,0.634034573112849,0.194444444444444,"lnVR","Ellis"
"2397","Ellis et al. 2021","Simpson","2H7PK_cecal","male",7,7,0.431965308844365,0.194444444444444,"lnVR","Ellis"
"2398","Ellis et al. 2021","Simpson","Combo_cecal","female",7,9,-0.277670033153906,0.167534722222222,"lnVR","Ellis"
"2399","Ellis et al. 2021","Simpson","Combo_cecal","male",7,10,-0.804472455798677,0.158950617283951,"lnVR","Ellis"
"2400","Ellis et al. 2021","Simpson","MK4_cecal","female",7,10,-0.273626987687396,0.158950617283951,"lnVR","Ellis"
"2401","Ellis et al. 2021","Simpson","MK4_cecal","male",7,10,-1.16131953160516,0.158950617283951,"lnVR","Ellis"
"2402","Ellis et al. 2021","Simpson","MK9_cecal","female",7,9,-0.470134109873097,0.167534722222222,"lnVR","Ellis"
"2403","Ellis et al. 2021","Simpson","MK9_cecal","male",7,9,-1.33464768590636,0.167534722222222,"lnVR","Ellis"
"2404","Ellis et al. 2021","Simpson","PK_cecal","female",7,9,0.00206085542350211,0.167534722222222,"lnVR","Ellis"
"2405","Ellis et al. 2021","Simpson","PK_cecal","male",7,10,-0.885409317137392,0.158950617283951,"lnVR","Ellis"
"2406","Ellis et al. 2021","Simpson","VKdef_cecal","female",7,9,-0.593123829865575,0.167534722222222,"lnVR","Ellis"
"2407","Ellis et al. 2021","Simpson","VKdef_cecal","male",7,8,-1.4403849820828,0.178854875283447,"lnVR","Ellis"
"2408","Gubert et al. 2022","Simpson","R6/1_Enviromental enrichment ","female",8,7,-0.329203554209249,0.178854875283447,"lnVR","Gubert"
"2409","Gubert et al. 2022","Simpson","R6/1_Enviromental enrichment ","female",8,7,-0.363730781191667,0.178854875283447,"lnVR","Gubert"
"2410","Gubert et al. 2022","Simpson","R6/1_Enviromental enrichment ","male",8,8,0.267788858044642,0.163265306122449,"lnVR","Gubert"
"2411","Gubert et al. 2022","Simpson","R6/1_Enviromental enrichment ","male",8,8,-0.638457669059623,0.163265306122449,"lnVR","Gubert"
"2412","Gubert et al. 2022","Simpson","R6/1_Exercise","female",8,8,0.00699925155664015,0.163265306122449,"lnVR","Gubert"
"2413","Gubert et al. 2022","Simpson","R6/1_Exercise","female",8,8,-0.0275279754257777,0.163265306122449,"lnVR","Gubert"
"2414","Gubert et al. 2022","Simpson","R6/1_Exercise","male",8,8,-0.596287227387335,0.163265306122449,"lnVR","Gubert"
"2415","Gubert et al. 2022","Simpson","R6/1_Exercise","male",8,8,-1.5025337544916,0.163265306122449,"lnVR","Gubert"
"2416","Gubert et al. 2022","Simpson","WT_Enviromental enrichment ","female",8,8,0.0963629198251092,0.163265306122449,"lnVR","Gubert"
"2417","Gubert et al. 2022","Simpson","WT_Enviromental enrichment ","female",8,8,0.0618356928426914,0.163265306122449,"lnVR","Gubert"
"2418","Gubert et al. 2022","Simpson","WT_Enviromental enrichment ","male",8,8,0.55081613517617,0.163265306122449,"lnVR","Gubert"
"2419","Gubert et al. 2022","Simpson","WT_Enviromental enrichment ","male",8,8,-0.355430391928095,0.163265306122449,"lnVR","Gubert"
"2420","Gubert et al. 2022","Simpson","WT_Exercise","female",8,8,-0.611299847300962,0.163265306122449,"lnVR","Gubert"
"2421","Gubert et al. 2022","Simpson","WT_Exercise","female",8,8,-0.64582707428338,0.163265306122449,"lnVR","Gubert"
"2422","Gubert et al. 2022","Simpson","WT_Exercise","male",8,8,-0.0757880930864925,0.163265306122449,"lnVR","Gubert"
"2423","Gubert et al. 2022","Simpson","WT_Exercise","male",8,8,-0.982034620190758,0.163265306122449,"lnVR","Gubert"
"2424","Ibrahim et al. 2019","Simpson","AOM/DSS","female",4,3,1.41964840879002,0.597222222222222,"lnVR","Ibrahim"
"2425","Ibrahim et al. 2019","Simpson","AOM/DSS","female",4,3,0.81706036524641,0.597222222222222,"lnVR","Ibrahim"
"2426","Ibrahim et al. 2019","Simpson","AOM/DSS","male",4,7,-0.609972033011768,0.319444444444444,"lnVR","Ibrahim"
"2427","Ibrahim et al. 2019","Simpson","AOM/DSS","male",4,7,0.487088559387699,0.319444444444444,"lnVR","Ibrahim"
"2428","Ibrahim et al. 2019","Simpson","AOM/DSS-ERbKOVil","female",4,6,0.916516097562505,0.342222222222222,"lnVR","Ibrahim"
"2429","Ibrahim et al. 2019","Simpson","AOM/DSS-ERbKOVil","female",4,6,0.313928054018899,0.342222222222222,"lnVR","Ibrahim"
"2430","Ibrahim et al. 2019","Simpson","AOM/DSS-ERbKOVil","male",4,7,-1.23384352363261,0.319444444444444,"lnVR","Ibrahim"
"2431","Ibrahim et al. 2019","Simpson","AOM/DSS-ERbKOVil","male",4,7,-0.136782931233141,0.319444444444444,"lnVR","Ibrahim"
"2432","Kozik et al. 2019","Simpson","Colitis-cecal","female",3,7,1.76919962113741,0.472222222222222,"lnVR","Kozik"
"2433","Kozik et al. 2019","Simpson","Colitis-cecal","female",3,7,-1.42325580597979,0.472222222222222,"lnVR","Kozik"
"2434","Kozik et al. 2019","Simpson","Colitis-cecal","female",3,7,-1.13536359867328,0.472222222222222,"lnVR","Kozik"
"2435","Kozik et al. 2019","Simpson","Colitis-cecal","female",3,7,-0.0768917455340705,0.472222222222222,"lnVR","Kozik"
"2436","Kozik et al. 2019","Simpson","Colitis-cecal","male",2,7,-0.186096180234032,1.09722222222222,"lnVR","Kozik"
"2437","Kozik et al. 2019","Simpson","Colitis-cecal","male",2,7,-0.392163108595318,1.09722222222222,"lnVR","Kozik"
"2438","Kozik et al. 2019","Simpson","Colitis-cecal","male",2,7,-1.01881618687021,1.09722222222222,"lnVR","Kozik"
"2439","Kozik et al. 2019","Simpson","Colitis-colonMucus","female",3,4,1.84378258432143,0.597222222222222,"lnVR","Kozik"
"2440","Kozik et al. 2019","Simpson","Colitis-colonMucus","female",3,4,-1.34867284279577,0.597222222222222,"lnVR","Kozik"
"2441","Kozik et al. 2019","Simpson","Colitis-colonMucus","female",3,4,-1.06078063548925,0.597222222222222,"lnVR","Kozik"
"2442","Kozik et al. 2019","Simpson","Colitis-colonMucus","female",3,4,-0.00230878235004889,0.597222222222222,"lnVR","Kozik"
"2443","Kozik et al. 2019","Simpson","Colitis-colonMucus","male",2,5,-0.0834679864640943,1.15625,"lnVR","Kozik"
"2444","Kozik et al. 2019","Simpson","Colitis-colonMucus","male",2,5,-0.28953491482538,1.15625,"lnVR","Kozik"
"2445","Kozik et al. 2019","Simpson","Colitis-colonMucus","male",2,5,-0.916187993100269,1.15625,"lnVR","Kozik"
"2446","Kozik et al. 2019","Simpson","Colitis-colonMucus_T0","male",2,1,NA,NA,"lnVR","Kozik"
"2447","Kozik et al. 2019","Simpson","Colitis-colonMucus_T0","male",2,1,NA,NA,"lnVR","Kozik"
"2448","Kozik et al. 2019","Simpson","Colitis-colonMucus_T0","male",2,1,NA,NA,"lnVR","Kozik"
"2449","Kozik et al. 2019","Simpson","Colitis-fecal","female",3,7,1.7972547526401,0.472222222222222,"lnVR","Kozik"
"2450","Kozik et al. 2019","Simpson","Colitis-fecal","female",3,7,-1.3952006744771,0.472222222222222,"lnVR","Kozik"
"2451","Kozik et al. 2019","Simpson","Colitis-fecal","female",3,7,-1.10730846717058,0.472222222222222,"lnVR","Kozik"
"2452","Kozik et al. 2019","Simpson","Colitis-fecal","female",3,7,-0.048836614031379,0.472222222222222,"lnVR","Kozik"
"2453","Kozik et al. 2019","Simpson","Colitis-fecal","male",2,5,0.940355568491503,1.15625,"lnVR","Kozik"
"2454","Kozik et al. 2019","Simpson","Colitis-fecal","male",2,5,0.734288640130218,1.15625,"lnVR","Kozik"
"2455","Kozik et al. 2019","Simpson","Colitis-fecal","male",2,5,0.107635561855329,1.15625,"lnVR","Kozik"
"2456","Kozik et al. 2019","Simpson","Colitis-fecal_T0","female",3,7,1.78024018351311,0.472222222222222,"lnVR","Kozik"
"2457","Kozik et al. 2019","Simpson","Colitis-fecal_T0","female",3,7,-1.41221524360409,0.472222222222222,"lnVR","Kozik"
"2458","Kozik et al. 2019","Simpson","Colitis-fecal_T0","female",3,7,-1.12432303629757,0.472222222222222,"lnVR","Kozik"
"2459","Kozik et al. 2019","Simpson","Colitis-fecal_T0","female",3,7,-0.0658511831583694,0.472222222222222,"lnVR","Kozik"
"2460","Kozik et al. 2019","Simpson","Colitis-fecal_T0","male",2,7,1.5576096376639,1.09722222222222,"lnVR","Kozik"
"2461","Kozik et al. 2019","Simpson","Colitis-fecal_T0","male",2,7,1.35154270930261,1.09722222222222,"lnVR","Kozik"
"2462","Kozik et al. 2019","Simpson","Colitis-fecal_T0","male",2,7,0.724889631027725,1.09722222222222,"lnVR","Kozik"
"2463","Li et al. 2020","Simpson","Chow diet + STZ injection+ Distilled water ","female",NA,1,NA,NA,"lnVR","Li"
"2464","Li et al. 2020","Simpson","Chow diet + STZ injection+ Distilled water ","male",NA,5,NA,NA,"lnVR","Li"
"2465","Li et al. 2020","Simpson","HFD+ STZ injection + DNJ","female",NA,9,NA,NA,"lnVR","Li"
"2466","Li et al. 2020","Simpson","HFD+ STZ injection + DNJ","male",NA,1,NA,NA,"lnVR","Li"
"2467","Li et al. 2020","Simpson","HFD+ STZ injection+ Distilled water","female",NA,3,NA,NA,"lnVR","Li"
"2468","Lindheim et al. 2018","Simpson","PRJNA445979","female",NA,93,NA,NA,"lnVR","Lindheim"
"2469","Lindheim et al. 2018","Simpson","PRJNA445979","male",NA,76,NA,NA,"lnVR","Lindheim"
"2470","Lyte et al. 2022","Simpson","beef-chow","female",19,19,0.85993333436589,0.058641975308642,"lnVR","Lyte"
"2471","Lyte et al. 2022","Simpson","beef-chow","male",20,18,-1.34183516666557,0.0588426995370415,"lnVR","Lyte"
"2472","Lyte et al. 2022","Simpson","beef-chow-stress","female",19,20,0.714112525716132,0.0570218186792517,"lnVR","Lyte"
"2473","Lyte et al. 2022","Simpson","beef-chow-stress","male",20,18,-1.49931247747813,0.0588426995370415,"lnVR","Lyte"
"2474","Lyte et al. 2022","Simpson","chow-stress","female",19,20,0.697253572783983,0.0570218186792517,"lnVR","Lyte"
"2475","Lyte et al. 2022","Simpson","chow-stress","male",20,20,-0.519907118802607,0.0554016620498615,"lnVR","Lyte"
"2476","Pizarro et al. 2021","Simpson","Water-T0","female",8,NA,NA,NA,"lnVR","Pizarro"
"2477","Pizarro et al. 2021","Simpson","Water-T0","male",10,NA,NA,NA,"lnVR","Pizarro"
"2478","Pizarro et al. 2021","Simpson","EtOH-Syn-T1","female",NA,8,NA,NA,"lnVR","Pizarro"
"2479","Pizarro et al. 2021","Simpson","EtOH-Syn-T1","male",NA,10,NA,NA,"lnVR","Pizarro"
"2480","Pizarro et al. 2021","Simpson","EtOH-T1","female",NA,8,NA,NA,"lnVR","Pizarro"
"2481","Pizarro et al. 2021","Simpson","EtOH-T1","male",NA,10,NA,NA,"lnVR","Pizarro"
"2482","Pizarro et al. 2021","Simpson","Symbiotic-T0","female",NA,8,NA,NA,"lnVR","Pizarro"
"2483","Pizarro et al. 2021","Simpson","Symbiotic-T0","male",NA,10,NA,NA,"lnVR","Pizarro"
"2484","Ramakrishna et al. 2020","Simpson","ACV+IVIG-injected","female",3,4,0.194486486444558,0.597222222222222,"lnVR","Ramakrishna"
"2485","Ramakrishna et al. 2020","Simpson","ACV+IVIG-injected","male",2,1,NA,NA,"lnVR","Ramakrishna"
"2486","Ramakrishna et al. 2020","Simpson","ACV-injected","female",3,2,0.963558177820073,1.375,"lnVR","Ramakrishna"
"2487","Ramakrishna et al. 2020","Simpson","ACV-injected","male",2,3,0.558703041041638,1.375,"lnVR","Ramakrishna"
"2488","Ramakrishna et al. 2020","Simpson","HSV1-infected","female",3,5,0.276747618864405,0.53125,"lnVR","Ramakrishna"
"2489","Ramakrishna et al. 2020","Simpson","HSV1-infected","male",2,4,-0.466184916199837,1.22222222222222,"lnVR","Ramakrishna"
"2490","Ramakrishna et al. 2020","Simpson","HSV1-infected; ACV+IVIG-injected","female",3,3,-1.79175946922805,0.75,"lnVR","Ramakrishna"
"2491","Ramakrishna et al. 2020","Simpson","HSV1-infected; ACV+IVIG-injected","male",2,2,-1.60943791243411,2,"lnVR","Ramakrishna"
"2492","Ramakrishna et al. 2020","Simpson","HSV1-infected; ACV-injected","female",3,1,NA,NA,"lnVR","Ramakrishna"
"2493","Ramakrishna et al. 2020","Simpson","HSV1-infected; ACV-injected","male",2,1,NA,NA,"lnVR","Ramakrishna"
"2494","Ramakrishna et al. 2020","Simpson","HSV1-infected; IVIG-injected","female",3,1,NA,NA,"lnVR","Ramakrishna"
"2495","Ramakrishna et al. 2020","Simpson","HSV1-infected; IVIG-injected","male",2,3,-0.181570408641402,1.375,"lnVR","Ramakrishna"
"2496","Ramakrishna et al. 2020","Simpson","IVIG-injected","female",3,5,0.565683621391668,0.53125,"lnVR","Ramakrishna"
"2497","Ramakrishna et al. 2020","Simpson","IVIG-injected","male",2,5,-1.18108482010361,1.15625,"lnVR","Ramakrishna"
"2498","Son et al. 2019","Simpson","IL-10 Knockout ","female",8,8,-0.484845179173135,0.163265306122449,"lnVR","Son"
"2499","Son et al. 2019","Simpson","IL-10 Knockout ","male",8,8,2.17990811203006,0.163265306122449,"lnVR","Son"
"2500","Song et al. 2020","Simpson","AOM/DSS","male",5,12,-0.861390522146498,0.205836776859504,"lnVR","Song"
"2501","Song et al. 2020","Simpson","AOM/DSS E2-supplemented","male",5,12,0.0410488944357473,0.205836776859504,"lnVR","Song"
"2502","Song et al. 2020","Simpson","E2-supplemented","male",5,12,-0.437421639550198,0.205836776859504,"lnVR","Song"
"2503","Song et al. 2020","Simpson","ovariectomized ","female",11,7,-0.543851268822605,0.152222222222222,"lnVR","Song"
"2504","Song et al. 2021","Simpson","AOM/DSS","female",8,8,-0.34915560980163,0.163265306122449,"lnVR","Song"
"2505","Song et al. 2021","Simpson","AOM/DSS","male",8,8,1.90473920880062,0.163265306122449,"lnVR","Song"
"2506","Song et al. 2021","Simpson","AOM/DSS-Nrf2KO","female",8,8,-0.389910366678874,0.163265306122449,"lnVR","Song"
"2507","Song et al. 2021","Simpson","AOM/DSS-Nrf2KO","male",8,8,1.79246970737082,0.163265306122449,"lnVR","Song"
"2508","Song et al. 2021","Simpson","Nrf2KO","female",8,8,-0.889237285014117,0.163265306122449,"lnVR","Song"
"2509","Song et al. 2021","Simpson","Nrf2KO","male",8,8,1.74267717892391,0.163265306122449,"lnVR","Song"
"2510","Song et al. 2022","Simpson","AOM/DSS","female",4,7,0.408879434316323,0.319444444444444,"lnVR","Song"
"2511","Song et al. 2022","Simpson","AOM/DSS","male",4,10,-0.284228935778758,0.283950617283951,"lnVR","Song"
"2512","Song et al. 2022","Simpson","AOM/DSS_ steroid-injected","female",4,4,0.739321732750756,0.444444444444444,"lnVR","Song"
"2513","Song et al. 2022","Simpson","AOM/DSS_ steroid-injected","male",4,8,-0.290262815832035,0.303854875283447,"lnVR","Song"
"2514","Song et al. 2022","Simpson","orchiectomized","male",4,4,-0.371869734154555,0.444444444444444,"lnVR","Song"
"2515","Song et al. 2022","Simpson","orchiectomized_ AOM/DSS","male",4,10,-0.208818660729874,0.283950617283951,"lnVR","Song"
"2516","Song et al. 2022","Simpson","orchiectomized_ AOM/DSS_ steroid-injected","male",4,6,-0.511995082364113,0.342222222222222,"lnVR","Song"
"2517","Sun et al. 2020","Simpson","High fat","female",8,7,-0.335478854693908,0.178854875283447,"lnVR","Sun"
"2518","Sun et al. 2020","Simpson","High fat","male",8,8,-0.221755051188415,0.163265306122449,"lnVR","Sun"
"2519","Sun et al. 2020","Simpson","Pomctm1/tm1","female",8,8,-0.130009150201357,0.163265306122449,"lnVR","Sun"
"2520","Sun et al. 2020","Simpson","Pomctm1/tm1","male",8,8,1.06074872121822,0.163265306122449,"lnVR","Sun"
"2521","Sun et al. 2020","Simpson","Pomctm1/tm1, High fat","female",8,7,-0.112576331857453,0.178854875283447,"lnVR","Sun"
"2522","Sun et al. 2020","Simpson","Pomctm1/tm1, High fat","male",8,8,0.907736692755076,0.163265306122449,"lnVR","Sun"
"2523","Tam et al. 2020","Simpson","""Smoke exposed, ovariectomy""_cecal","female",10,8,0.21108986837104,0.143361048122953,"lnVR","Tam"
"2524","Tam et al. 2020","Simpson","Smoke exposed_cecal","female",10,10,-0.111325650489415,0.123456790123457,"lnVR","Tam"
"2525","Tam et al. 2020","Simpson","Smoke exposed_cecal","male",10,10,-0.141519651032836,0.123456790123457,"lnVR","Tam"
"2526","Tam et al. 2020","Simpson","ovariectomy_cecal","female",10,10,0.509016177967693,0.123456790123457,"lnVR","Tam"
"2527","Tashiro et al. 2020","Simpson","Cellulose","female",8,8,-0.900607708425501,0.163265306122449,"lnVR","Tashiro"
"2528","Tashiro et al. 2020","Simpson","Cellulose","male",8,8,-0.269266345655182,0.163265306122449,"lnVR","Tashiro"
"2529","Tashiro et al. 2020","Simpson","Fiberfree","female",8,8,-0.782678634446539,0.163265306122449,"lnVR","Tashiro"
"2530","Tashiro et al. 2020","Simpson","Fiberfree","male",8,8,-1.45308980019251,0.163265306122449,"lnVR","Tashiro"
"2531","Tashiro et al. 2020","Simpson","Pectin","female",8,8,-0.535365162943029,0.163265306122449,"lnVR","Tashiro"
"2532","Tashiro et al. 2020","Simpson","Pectin","male",8,8,0.196352617581703,0.163265306122449,"lnVR","Tashiro"
"2533","Velasco et al. 2021","Simpson","C57BL/6J","female",4,NA,NA,NA,"lnVR","Velasco"
"2534","Velasco et al. 2021","Simpson","C57BL/6J","male",4,NA,NA,NA,"lnVR","Velasco"
"2535","Velasco et al. 2021","Simpson","MRL/MpJ","female",NA,4,NA,NA,"lnVR","Velasco"
"2536","Velasco et al. 2021","Simpson","MRL/MpJ","male",NA,4,NA,NA,"lnVR","Velasco"
"2537","Weng et al. 2019","Simpson","APOE2_APP transgene +","female",NA,11,NA,NA,"lnVR","Weng"
"2538","Weng et al. 2019","Simpson","APOE2_APP transgene +","male",NA,6,NA,NA,"lnVR","Weng"
"2539","Weng et al. 2019","Simpson","APOE2_APP transgene -","female",NA,18,NA,NA,"lnVR","Weng"
"2540","Weng et al. 2019","Simpson","APOE2_APP transgene -","male",NA,16,NA,NA,"lnVR","Weng"
"2541","Weng et al. 2019","Simpson","APOE3_APP transgene +","female",NA,21,NA,NA,"lnVR","Weng"
"2542","Weng et al. 2019","Simpson","APOE3_APP transgene +","male",NA,13,NA,NA,"lnVR","Weng"
"2543","Weng et al. 2019","Simpson","APOE3_APP transgene -","female",NA,15,NA,NA,"lnVR","Weng"
"2544","Weng et al. 2019","Simpson","APOE3_APP transgene -","male",NA,20,NA,NA,"lnVR","Weng"
"2545","Weng et al. 2019","Simpson","APOE4_APP transgene +","female",NA,24,NA,NA,"lnVR","Weng"
"2546","Weng et al. 2019","Simpson","APOE4_APP transgene +","male",NA,19,NA,NA,"lnVR","Weng"
"2547","Weng et al. 2019","Simpson","APOE4_APP transgene -","female",NA,24,NA,NA,"lnVR","Weng"
"2548","Weng et al. 2019","Simpson","APOE4_APP transgene -","male",NA,32,NA,NA,"lnVR","Weng"
"2549","Wolfe et al. 2020","Simpson","Smad3-/-_CRC_SFB+_cecal","female",NA,7,NA,NA,"lnVR","Wolfe"
"2550","Wolfe et al. 2020","Simpson","Smad3-/-_CRC_SFB+_cecal","male",NA,1,NA,NA,"lnVR","Wolfe"
"2551","Wolfe et al. 2020","Simpson","Smad3-/-_CRC_SFB+_fecal","female",NA,68,NA,NA,"lnVR","Wolfe"
"2552","Wolfe et al. 2020","Simpson","Smad3-/-_CRC_SFB+_fecal","male",NA,10,NA,NA,"lnVR","Wolfe"
"2553","Wolfe et al. 2020","Simpson","Smad3-/-_CRC_SFB-_cecal","female",NA,7,NA,NA,"lnVR","Wolfe"
"2554","Wolfe et al. 2020","Simpson","Smad3-/-_CRC_SFB-_cecal","male",NA,2,NA,NA,"lnVR","Wolfe"
"2555","Wolfe et al. 2020","Simpson","Smad3-/-_CRC_SFB-_fecal","female",NA,83,NA,NA,"lnVR","Wolfe"
"2556","Wolfe et al. 2020","Simpson","Smad3-/-_CRC_SFB-_fecal","male",NA,34,NA,NA,"lnVR","Wolfe"
"2557","Wolfe et al. 2020","Simpson","Smad3-/-_healthy_SFB+_cecal","female",NA,5,NA,NA,"lnVR","Wolfe"
"2558","Wolfe et al. 2020","Simpson","Smad3-/-_healthy_SFB+_cecal","male",NA,15,NA,NA,"lnVR","Wolfe"
"2559","Wolfe et al. 2020","Simpson","Smad3-/-_healthy_SFB+_fecal","female",NA,49,NA,NA,"lnVR","Wolfe"
"2560","Wolfe et al. 2020","Simpson","Smad3-/-_healthy_SFB+_fecal","male",NA,156,NA,NA,"lnVR","Wolfe"
"2561","Wolfe et al. 2020","Simpson","Smad3-/-_healthy_SFB-_cecal","female",NA,10,NA,NA,"lnVR","Wolfe"
"2562","Wolfe et al. 2020","Simpson","Smad3-/-_healthy_SFB-_cecal","male",NA,15,NA,NA,"lnVR","Wolfe"
"2563","Wolfe et al. 2020","Simpson","Smad3-/-_healthy_SFB-_fecal","female",NA,135,NA,NA,"lnVR","Wolfe"
"2564","Wolfe et al. 2020","Simpson","Smad3-/-_healthy_SFB-_fecal","male",NA,158,NA,NA,"lnVR","Wolfe"
"2565","Zajac et al. 2022","Simpson","APOE2/E2_cecal","female",NA,6,NA,NA,"lnVR","Zajac"
"2566","Zajac et al. 2022","Simpson","APOE2/E2_cecal","male",NA,5,NA,NA,"lnVR","Zajac"
"2567","Zajac et al. 2022","Simpson","APOE2/E2_fecal","female",NA,21,NA,NA,"lnVR","Zajac"
"2568","Zajac et al. 2022","Simpson","APOE2/E2_fecal","male",NA,15,NA,NA,"lnVR","Zajac"
"2569","Zajac et al. 2022","Simpson","APOE2/E2_small bowel","female",NA,3,NA,NA,"lnVR","Zajac"
"2570","Zajac et al. 2022","Simpson","APOE2/E2_small bowel","male",NA,2,NA,NA,"lnVR","Zajac"
"2571","Zajac et al. 2022","Simpson","APOE2/E3_cecal","female",NA,10,NA,NA,"lnVR","Zajac"
"2572","Zajac et al. 2022","Simpson","APOE2/E3_cecal","male",NA,7,NA,NA,"lnVR","Zajac"
"2573","Zajac et al. 2022","Simpson","APOE2/E3_fecal","female",NA,36,NA,NA,"lnVR","Zajac"
"2574","Zajac et al. 2022","Simpson","APOE2/E3_fecal","male",NA,21,NA,NA,"lnVR","Zajac"
"2575","Zajac et al. 2022","Simpson","APOE2/E3_small bowel","male",NA,1,NA,NA,"lnVR","Zajac"
"2576","Zajac et al. 2022","Simpson","APOE2_fecal","female",NA,7,NA,NA,"lnVR","Zajac"
"2577","Zajac et al. 2022","Simpson","APOE2_fecal","male",NA,8,NA,NA,"lnVR","Zajac"
"2578","Zajac et al. 2022","Simpson","APOE3/E3_cecal","female",NA,5,NA,NA,"lnVR","Zajac"
"2579","Zajac et al. 2022","Simpson","APOE3/E3_cecal","male",NA,13,NA,NA,"lnVR","Zajac"
"2580","Zajac et al. 2022","Simpson","APOE3/E3_fecal","female",NA,15,NA,NA,"lnVR","Zajac"
"2581","Zajac et al. 2022","Simpson","APOE3/E3_fecal","male",NA,41,NA,NA,"lnVR","Zajac"
"2582","Zajac et al. 2022","Simpson","APOE3/E3_small bowel","female",NA,2,NA,NA,"lnVR","Zajac"
"2583","Zajac et al. 2022","Simpson","APOE3/E3_small bowel","male",NA,4,NA,NA,"lnVR","Zajac"
"2584","Zajac et al. 2022","Simpson","APOE3/E4_cecal","female",NA,8,NA,NA,"lnVR","Zajac"
"2585","Zajac et al. 2022","Simpson","APOE3/E4_cecal","male",NA,10,NA,NA,"lnVR","Zajac"
"2586","Zajac et al. 2022","Simpson","APOE3/E4_fecal","female",NA,23,NA,NA,"lnVR","Zajac"
"2587","Zajac et al. 2022","Simpson","APOE3/E4_fecal","male",NA,32,NA,NA,"lnVR","Zajac"
"2588","Zajac et al. 2022","Simpson","APOE3/E4_small bowel","female",NA,1,NA,NA,"lnVR","Zajac"
"2589","Zajac et al. 2022","Simpson","APOE3_fecal","female",NA,7,NA,NA,"lnVR","Zajac"
"2590","Zajac et al. 2022","Simpson","APOE3_fecal","male",NA,6,NA,NA,"lnVR","Zajac"
"2591","Zajac et al. 2022","Simpson","APOE4/E4_cecal","female",NA,4,NA,NA,"lnVR","Zajac"
"2592","Zajac et al. 2022","Simpson","APOE4/E4_cecal","male",NA,5,NA,NA,"lnVR","Zajac"
"2593","Zajac et al. 2022","Simpson","APOE4/E4_fecal","female",NA,19,NA,NA,"lnVR","Zajac"
"2594","Zajac et al. 2022","Simpson","APOE4/E4_fecal","male",NA,15,NA,NA,"lnVR","Zajac"
"2595","Zajac et al. 2022","Simpson","APOE4/E4_small bowel","female",NA,3,NA,NA,"lnVR","Zajac"
"2596","Zajac et al. 2022","Simpson","APOE4/E4_small bowel","male",NA,3,NA,NA,"lnVR","Zajac"
"2597","Zajac et al. 2022","Simpson","APOE4_fecal","female",NA,7,NA,NA,"lnVR","Zajac"
"2598","Zajac et al. 2022","Simpson","APOE4_fecal","male",NA,7,NA,NA,"lnVR","Zajac"
"2599","Zou et al. 2021","Simpson","Glrx1 KO + High fat chow","female",4,4,-0.351333601792016,0.444444444444444,"lnVR","Zou"
"2600","Zou et al. 2021","Simpson","Glrx1 KO + High fat chow","male",4,4,1.10383090075687,0.444444444444444,"lnVR","Zou"
"2601","Zou et al. 2021","Simpson","Glrx1 KO + Standard chow","female",4,3,-0.56456846241903,0.597222222222222,"lnVR","Zou"
"2602","Zou et al. 2021","Simpson","Glrx1 KO + Standard chow","male",4,2,0.133288393498452,1.22222222222222,"lnVR","Zou"
"2603","Zou et al. 2021","Simpson","High fat chow","female",4,5,-1.35134068130357,0.378472222222222,"lnVR","Zou"
"2604","Zou et al. 2021","Simpson","High fat chow","male",4,5,-0.074233535142135,0.378472222222222,"lnVR","Zou"
"2605","Cheema & Pluznick 2019","Chao1","Ang II infusion","female",3,3,0.0519574903318429,0.0231122023959223,"lnRR","Cheema"
"2606","Cheema & Pluznick 2019","Chao1","Ang II infusion","male",3,3,-0.155052850466933,0.0390927889698033,"lnRR","Cheema"
"2607","Ellis et al. 2021","Chao1","13C11MK4_cecal","female",7,7,0.0373930411983739,0.000752230250983476,"lnRR","Ellis"
"2608","Ellis et al. 2021","Chao1","13C11MK4_cecal","male",7,7,-0.163843986107579,0.019341835361509,"lnRR","Ellis"
"2609","Ellis et al. 2021","Chao1","2H7MK7_cecal","female",7,7,0.124425659059826,0.00381804731291448,"lnRR","Ellis"
"2610","Ellis et al. 2021","Chao1","2H7MK7_cecal","male",7,7,-0.186198172605954,0.0212102741040658,"lnRR","Ellis"
"2611","Ellis et al. 2021","Chao1","2H7MK9_cecal","female",7,7,0.129569391995266,0.00546717976468794,"lnRR","Ellis"
"2612","Ellis et al. 2021","Chao1","2H7MK9_cecal","male",7,7,-0.141566496961766,0.0195731388356856,"lnRR","Ellis"
"2613","Ellis et al. 2021","Chao1","2H7PK_cecal","female",7,7,0.0297020205485995,0.00116211635936586,"lnRR","Ellis"
"2614","Ellis et al. 2021","Chao1","2H7PK_cecal","male",7,7,-0.0477623585878482,0.0226953052863696,"lnRR","Ellis"
"2615","Ellis et al. 2021","Chao1","Combo_cecal","female",7,9,0.264370844135428,0.00272915272511522,"lnRR","Ellis"
"2616","Ellis et al. 2021","Chao1","Combo_cecal","male",7,10,0.094685363113367,0.0214788868303,"lnRR","Ellis"
"2617","Ellis et al. 2021","Chao1","MK4_cecal","female",7,10,0.289570760999356,0.00377116567554428,"lnRR","Ellis"
"2618","Ellis et al. 2021","Chao1","MK4_cecal","male",7,10,0.113857641987856,0.0218800524147847,"lnRR","Ellis"
"2619","Ellis et al. 2021","Chao1","MK9_cecal","female",7,9,0.254184914833542,0.00182149322502179,"lnRR","Ellis"
"2620","Ellis et al. 2021","Chao1","MK9_cecal","male",7,9,0.0266954748536428,0.0224346418792004,"lnRR","Ellis"
"2621","Ellis et al. 2021","Chao1","PK_cecal","female",7,9,0.323703226184615,0.00230512127605882,"lnRR","Ellis"
"2622","Ellis et al. 2021","Chao1","PK_cecal","male",7,10,-0.133815207841748,0.0294416609285009,"lnRR","Ellis"
"2623","Ellis et al. 2021","Chao1","VKdef_cecal","female",7,9,0.205496269105909,0.00291203812335333,"lnRR","Ellis"
"2624","Ellis et al. 2021","Chao1","VKdef_cecal","male",7,8,0.168899219310019,0.0223055432476883,"lnRR","Ellis"
"2625","Gubert et al. 2022","Chao1","R6/1_Enviromental enrichment ","female",8,7,0.0305116464535699,0.0115875151946226,"lnRR","Gubert"
"2626","Gubert et al. 2022","Chao1","R6/1_Enviromental enrichment ","female",8,7,0.309081158601832,0.0137492436274919,"lnRR","Gubert"
"2627","Gubert et al. 2022","Chao1","R6/1_Enviromental enrichment ","male",8,8,-0.0932098273857132,0.00600222076438746,"lnRR","Gubert"
"2628","Gubert et al. 2022","Chao1","R6/1_Enviromental enrichment ","male",8,8,0.0627776794701145,0.00756318991326982,"lnRR","Gubert"
"2629","Gubert et al. 2022","Chao1","R6/1_Exercise","female",8,8,-0.119407928195093,0.0159262208486385,"lnRR","Gubert"
"2630","Gubert et al. 2022","Chao1","R6/1_Exercise","female",8,8,0.159161583953169,0.0180879492815078,"lnRR","Gubert"
"2631","Gubert et al. 2022","Chao1","R6/1_Exercise","male",8,8,-0.00685977463238306,0.00538918112743987,"lnRR","Gubert"
"2632","Gubert et al. 2022","Chao1","R6/1_Exercise","male",8,8,0.149127732223445,0.00695015027632223,"lnRR","Gubert"
"2633","Gubert et al. 2022","Chao1","WT_Enviromental enrichment ","female",8,8,-0.0854846899740717,0.0138775129048903,"lnRR","Gubert"
"2634","Gubert et al. 2022","Chao1","WT_Enviromental enrichment ","female",8,8,0.193084822174191,0.0160392413377596,"lnRR","Gubert"
"2635","Gubert et al. 2022","Chao1","WT_Enviromental enrichment ","male",8,8,-0.182271246041041,0.0211941712025993,"lnRR","Gubert"
"2636","Gubert et al. 2022","Chao1","WT_Enviromental enrichment ","male",8,8,-0.0262837391852135,0.0227551403514817,"lnRR","Gubert"
"2637","Gubert et al. 2022","Chao1","WT_Exercise","female",8,8,-0.179757208651225,0.0160806038972749,"lnRR","Gubert"
"2638","Gubert et al. 2022","Chao1","WT_Exercise","female",8,8,0.0988123034970371,0.0182423323301442,"lnRR","Gubert"
"2639","Gubert et al. 2022","Chao1","WT_Exercise","male",8,8,-0.175397781885165,0.00825092731715277,"lnRR","Gubert"
"2640","Gubert et al. 2022","Chao1","WT_Exercise","male",8,8,-0.0194102750293374,0.00981189646603513,"lnRR","Gubert"
"2641","Ibrahim et al. 2019","Chao1","AOM/DSS","female",4,3,-0.497211574417683,0.021660342996733,"lnRR","Ibrahim"
"2642","Ibrahim et al. 2019","Chao1","AOM/DSS","female",4,3,-0.272812587913771,0.02071236544132,"lnRR","Ibrahim"
"2643","Ibrahim et al. 2019","Chao1","AOM/DSS","male",4,7,-0.44899647967229,0.00988372083118342,"lnRR","Ibrahim"
"2644","Ibrahim et al. 2019","Chao1","AOM/DSS","male",4,7,-0.57622316489804,0.0160968713857564,"lnRR","Ibrahim"
"2645","Ibrahim et al. 2019","Chao1","AOM/DSS-ERbKOVil","female",4,6,-0.328874517050839,0.0120886850785022,"lnRR","Ibrahim"
"2646","Ibrahim et al. 2019","Chao1","AOM/DSS-ERbKOVil","female",4,6,-0.104475530546928,0.0111407075230892,"lnRR","Ibrahim"
"2647","Ibrahim et al. 2019","Chao1","AOM/DSS-ERbKOVil","male",4,7,-0.277609465864789,0.00928307134925897,"lnRR","Ibrahim"
"2648","Ibrahim et al. 2019","Chao1","AOM/DSS-ERbKOVil","male",4,7,-0.404836151090538,0.0154962219038319,"lnRR","Ibrahim"
"2649","Kozik et al. 2019","Chao1","Colitis-cecal","female",3,7,0.213260367872529,0.18675079662438,"lnRR","Kozik"
"2650","Kozik et al. 2019","Chao1","Colitis-cecal","female",3,7,0.111388210743949,0.125778438162779,"lnRR","Kozik"
"2651","Kozik et al. 2019","Chao1","Colitis-cecal","female",3,7,-0.37676312911442,0.0196076271118543,"lnRR","Kozik"
"2652","Kozik et al. 2019","Chao1","Colitis-cecal","female",3,7,-0.265154713104978,0.0186810731241683,"lnRR","Kozik"
"2653","Kozik et al. 2019","Chao1","Colitis-cecal","male",2,7,0.209900373825837,0.0577099510905034,"lnRR","Kozik"
"2654","Kozik et al. 2019","Chao1","Colitis-cecal","male",2,7,-0.18132571962559,0.0274606245331194,"lnRR","Kozik"
"2655","Kozik et al. 2019","Chao1","Colitis-cecal","male",2,7,0.2657460864124,0.128093836204757,"lnRR","Kozik"
"2656","Kozik et al. 2019","Chao1","Colitis-colonMucus","female",3,4,0.6531468835716,0.199927450540266,"lnRR","Kozik"
"2657","Kozik et al. 2019","Chao1","Colitis-colonMucus","female",3,4,0.55127472644302,0.138955092078665,"lnRR","Kozik"
"2658","Kozik et al. 2019","Chao1","Colitis-colonMucus","female",3,4,0.0631233865846512,0.0327842810277405,"lnRR","Kozik"
"2659","Kozik et al. 2019","Chao1","Colitis-colonMucus","female",3,4,0.174731802594093,0.0318577270400545,"lnRR","Kozik"
"2660","Kozik et al. 2019","Chao1","Colitis-colonMucus","male",2,5,0.691830284352871,0.0613907089747308,"lnRR","Kozik"
"2661","Kozik et al. 2019","Chao1","Colitis-colonMucus","male",2,5,0.300604190901443,0.0311413824173467,"lnRR","Kozik"
"2662","Kozik et al. 2019","Chao1","Colitis-colonMucus","male",2,5,0.747675996939434,0.131774594088985,"lnRR","Kozik"
"2663","Kozik et al. 2019","Chao1","Colitis-colonMucus_T0","male",2,1,NA,NA,"lnRR","Kozik"
"2664","Kozik et al. 2019","Chao1","Colitis-colonMucus_T0","male",2,1,NA,NA,"lnRR","Kozik"
"2665","Kozik et al. 2019","Chao1","Colitis-colonMucus_T0","male",2,1,NA,NA,"lnRR","Kozik"
"2666","Kozik et al. 2019","Chao1","Colitis-fecal","female",3,7,0.288980774098211,0.190714912965626,"lnRR","Kozik"
"2667","Kozik et al. 2019","Chao1","Colitis-fecal","female",3,7,0.18710861696963,0.129742554504025,"lnRR","Kozik"
"2668","Kozik et al. 2019","Chao1","Colitis-fecal","female",3,7,-0.301042722888739,0.023571743453101,"lnRR","Kozik"
"2669","Kozik et al. 2019","Chao1","Colitis-fecal","female",3,7,-0.189434306879297,0.022645189465415,"lnRR","Kozik"
"2670","Kozik et al. 2019","Chao1","Colitis-fecal","male",2,5,0.125798759471691,0.0869855506271936,"lnRR","Kozik"
"2671","Kozik et al. 2019","Chao1","Colitis-fecal","male",2,5,-0.265427333979736,0.0567362240698096,"lnRR","Kozik"
"2672","Kozik et al. 2019","Chao1","Colitis-fecal","male",2,5,0.181644472058255,0.157369435741448,"lnRR","Kozik"
"2673","Kozik et al. 2019","Chao1","Colitis-fecal_T0","female",3,7,0.263969716099774,0.179171237429705,"lnRR","Kozik"
"2674","Kozik et al. 2019","Chao1","Colitis-fecal_T0","female",3,7,0.162097558971194,0.118198878968104,"lnRR","Kozik"
"2675","Kozik et al. 2019","Chao1","Colitis-fecal_T0","female",3,7,-0.326053780887175,0.0120280679171795,"lnRR","Kozik"
"2676","Kozik et al. 2019","Chao1","Colitis-fecal_T0","female",3,7,-0.214445364877734,0.0111015139294935,"lnRR","Kozik"
"2677","Kozik et al. 2019","Chao1","Colitis-fecal_T0","male",2,7,0.00903733594175246,0.0799458854981672,"lnRR","Kozik"
"2678","Kozik et al. 2019","Chao1","Colitis-fecal_T0","male",2,7,-0.382188757509675,0.0496965589407832,"lnRR","Kozik"
"2679","Kozik et al. 2019","Chao1","Colitis-fecal_T0","male",2,7,0.0648830485283159,0.150329770612421,"lnRR","Kozik"
"2680","Li et al. 2020","Chao1","Chow diet + STZ injection+ Distilled water ","female",NA,1,NA,NA,"lnRR","Li"
"2681","Li et al. 2020","Chao1","Chow diet + STZ injection+ Distilled water ","male",NA,5,NA,NA,"lnRR","Li"
"2682","Li et al. 2020","Chao1","HFD+ STZ injection + DNJ","female",NA,9,NA,NA,"lnRR","Li"
"2683","Li et al. 2020","Chao1","HFD+ STZ injection + DNJ","male",NA,1,NA,NA,"lnRR","Li"
"2684","Li et al. 2020","Chao1","HFD+ STZ injection+ Distilled water","female",NA,3,NA,NA,"lnRR","Li"
"2685","Lindheim et al. 2018","Chao1","PRJNA445979","female",NA,93,NA,NA,"lnRR","Lindheim"
"2686","Lindheim et al. 2018","Chao1","PRJNA445979","male",NA,76,NA,NA,"lnRR","Lindheim"
"2687","Lyte et al. 2022","Chao1","beef-chow","female",19,19,-0.372350038751898,0.00598808687436063,"lnRR","Lyte"
"2688","Lyte et al. 2022","Chao1","beef-chow","male",20,18,-0.370334451810174,0.00815343257384937,"lnRR","Lyte"
"2689","Lyte et al. 2022","Chao1","beef-chow-stress","female",19,20,-0.0371470079442976,0.00542846316306987,"lnRR","Lyte"
"2690","Lyte et al. 2022","Chao1","beef-chow-stress","male",20,18,0.192343995645888,0.00495269436067916,"lnRR","Lyte"
"2691","Lyte et al. 2022","Chao1","chow-stress","female",19,20,-0.144458523067687,0.00449885643468301,"lnRR","Lyte"
"2692","Lyte et al. 2022","Chao1","chow-stress","male",20,20,0.0517173563188266,0.00483075784533752,"lnRR","Lyte"
"2693","Pizarro et al. 2021","Chao1","Water-T0","female",8,NA,NA,NA,"lnRR","Pizarro"
"2694","Pizarro et al. 2021","Chao1","Water-T0","male",10,NA,NA,NA,"lnRR","Pizarro"
"2695","Pizarro et al. 2021","Chao1","EtOH-Syn-T1","female",NA,8,NA,NA,"lnRR","Pizarro"
"2696","Pizarro et al. 2021","Chao1","EtOH-Syn-T1","male",NA,10,NA,NA,"lnRR","Pizarro"
"2697","Pizarro et al. 2021","Chao1","EtOH-T1","female",NA,8,NA,NA,"lnRR","Pizarro"
"2698","Pizarro et al. 2021","Chao1","EtOH-T1","male",NA,10,NA,NA,"lnRR","Pizarro"
"2699","Pizarro et al. 2021","Chao1","Symbiotic-T0","female",NA,8,NA,NA,"lnRR","Pizarro"
"2700","Pizarro et al. 2021","Chao1","Symbiotic-T0","male",NA,10,NA,NA,"lnRR","Pizarro"
"2701","Ramakrishna et al. 2020","Chao1","ACV+IVIG-injected","female",3,4,-0.113912092960832,0.0302302296336918,"lnRR","Ramakrishna"
"2702","Ramakrishna et al. 2020","Chao1","ACV+IVIG-injected","male",2,1,NA,NA,"lnRR","Ramakrishna"
"2703","Ramakrishna et al. 2020","Chao1","ACV-injected","female",3,2,-0.0404481654071984,0.0289150233119234,"lnRR","Ramakrishna"
"2704","Ramakrishna et al. 2020","Chao1","ACV-injected","male",2,3,-0.597348156226774,0.105304934657562,"lnRR","Ramakrishna"
"2705","Ramakrishna et al. 2020","Chao1","HSV1-infected","female",3,5,0.00743801652892562,0.0317068506249573,"lnRR","Ramakrishna"
"2706","Ramakrishna et al. 2020","Chao1","HSV1-infected","male",2,4,-0.532865387190099,0.0735166927174297,"lnRR","Ramakrishna"
"2707","Ramakrishna et al. 2020","Chao1","HSV1-infected; ACV+IVIG-injected","female",3,3,-0.0404481654071984,0.0289150233119234,"lnRR","Ramakrishna"
"2708","Ramakrishna et al. 2020","Chao1","HSV1-infected; ACV+IVIG-injected","male",2,2,-0.328184602293511,0.0675820265642838,"lnRR","Ramakrishna"
"2709","Ramakrishna et al. 2020","Chao1","HSV1-infected; ACV-injected","female",3,1,NA,NA,"lnRR","Ramakrishna"
"2710","Ramakrishna et al. 2020","Chao1","HSV1-infected; ACV-injected","male",2,1,NA,NA,"lnRR","Ramakrishna"
"2711","Ramakrishna et al. 2020","Chao1","HSV1-infected; IVIG-injected","female",3,1,NA,NA,"lnRR","Ramakrishna"
"2712","Ramakrishna et al. 2020","Chao1","HSV1-infected; IVIG-injected","male",2,3,-0.398667053663306,0.101186288568245,"lnRR","Ramakrishna"
"2713","Ramakrishna et al. 2020","Chao1","IVIG-injected","female",3,5,-0.0640688496570485,0.0399253899820091,"lnRR","Ramakrishna"
"2714","Ramakrishna et al. 2020","Chao1","IVIG-injected","male",2,5,-0.488108376081944,0.0727858076492804,"lnRR","Ramakrishna"
"2715","Son et al. 2019","Chao1","IL-10 Knockout ","female",8,8,-0.406729993301547,0.0316672034892765,"lnRR","Son"
"2716","Son et al. 2019","Chao1","IL-10 Knockout ","male",8,8,-0.373045197404019,0.0273964775511324,"lnRR","Son"
"2717","Song et al. 2020","Chao1","AOM/DSS","male",5,12,0.472748650186475,0.0350756953604418,"lnRR","Song"
"2718","Song et al. 2020","Chao1","AOM/DSS E2-supplemented","male",5,12,0.385187924584221,0.0364868004180321,"lnRR","Song"
"2719","Song et al. 2020","Chao1","E2-supplemented","male",5,12,0.206345374369809,0.0395487111447491,"lnRR","Song"
"2720","Song et al. 2020","Chao1","ovariectomized ","female",11,7,0.0581879585858732,0.0173338261225295,"lnRR","Song"
"2721","Song et al. 2021","Chao1","AOM/DSS","female",8,8,-0.258266371343582,0.0484205993532945,"lnRR","Song"
"2722","Song et al. 2021","Chao1","AOM/DSS","male",8,8,-0.280743630249952,0.0183223407025855,"lnRR","Song"
"2723","Song et al. 2021","Chao1","AOM/DSS-Nrf2KO","female",8,8,-0.244724776899042,0.0370156225798996,"lnRR","Song"
"2724","Song et al. 2021","Chao1","AOM/DSS-Nrf2KO","male",8,8,-0.355223913217889,0.0109932798702585,"lnRR","Song"
"2725","Song et al. 2021","Chao1","Nrf2KO","female",8,8,0.121754250414533,0.0396725143612043,"lnRR","Song"
"2726","Song et al. 2021","Chao1","Nrf2KO","male",8,8,-0.313238232330269,0.0138082301704015,"lnRR","Song"
"2727","Song et al. 2022","Chao1","AOM/DSS","female",4,7,0.241810267597497,0.0294036372999427,"lnRR","Song"
"2728","Song et al. 2022","Chao1","AOM/DSS","male",4,10,-0.0348367167369482,0.00162427966031925,"lnRR","Song"
"2729","Song et al. 2022","Chao1","AOM/DSS_ steroid-injected","female",4,4,0.0882961854161634,0.030387644787675,"lnRR","Song"
"2730","Song et al. 2022","Chao1","AOM/DSS_ steroid-injected","male",4,8,-0.164553321040715,0.00404433991629143,"lnRR","Song"
"2731","Song et al. 2022","Chao1","orchiectomized","male",4,4,-0.173819306248426,0.00453094198103735,"lnRR","Song"
"2732","Song et al. 2022","Chao1","orchiectomized_ AOM/DSS","male",4,10,-0.0170175442716132,0.00330777330316184,"lnRR","Song"
"2733","Song et al. 2022","Chao1","orchiectomized_ AOM/DSS_ steroid-injected","male",4,6,-0.410577099373433,0.0145968896671811,"lnRR","Song"
"2734","Sun et al. 2020","Chao1","High fat","female",8,7,-0.0839958698670027,0.0066371991493161,"lnRR","Sun"
"2735","Sun et al. 2020","Chao1","High fat","male",8,8,-0.355271422359885,0.0119464849779626,"lnRR","Sun"
"2736","Sun et al. 2020","Chao1","Pomctm1/tm1","female",8,8,0.125283337406177,0.0102164712160011,"lnRR","Sun"
"2737","Sun et al. 2020","Chao1","Pomctm1/tm1","male",8,8,-0.11626718450754,0.00973441992881074,"lnRR","Sun"
"2738","Sun et al. 2020","Chao1","Pomctm1/tm1, High fat","female",8,7,0.114349382542836,0.0104094092602052,"lnRR","Sun"
"2739","Sun et al. 2020","Chao1","Pomctm1/tm1, High fat","male",8,8,-0.299093126997857,0.0141537494109304,"lnRR","Sun"
"2740","Tam et al. 2020","Chao1","""Smoke exposed, ovariectomy""_cecal","female",10,8,-0.170071216635188,0.00594679891165021,"lnRR","Tam"
"2741","Tam et al. 2020","Chao1","Smoke exposed_cecal","female",10,10,-0.132074552921994,0.00423703697643128,"lnRR","Tam"
"2742","Tam et al. 2020","Chao1","Smoke exposed_cecal","male",10,10,-0.127651194520685,0.00852643242645445,"lnRR","Tam"
"2743","Tam et al. 2020","Chao1","ovariectomy_cecal","female",10,10,-0.122394243777928,0.0055055919301781,"lnRR","Tam"
"2744","Tashiro et al. 2020","Chao1","Cellulose","female",8,8,0.198865486782566,0.00432137499611147,"lnRR","Tashiro"
"2745","Tashiro et al. 2020","Chao1","Cellulose","male",8,8,0.126569431846364,0.00630011277002315,"lnRR","Tashiro"
"2746","Tashiro et al. 2020","Chao1","Fiberfree","female",8,8,-0.0643076139911123,0.00588168540499242,"lnRR","Tashiro"
"2747","Tashiro et al. 2020","Chao1","Fiberfree","male",8,8,-0.335280947406703,0.00463172479898234,"lnRR","Tashiro"
"2748","Tashiro et al. 2020","Chao1","Pectin","female",8,8,-0.121926223495872,0.0148612185093312,"lnRR","Tashiro"
"2749","Tashiro et al. 2020","Chao1","Pectin","male",8,8,-0.750387655111642,0.0230427906343907,"lnRR","Tashiro"
"2750","Velasco et al. 2021","Chao1","C57BL/6J","female",4,NA,NA,NA,"lnRR","Velasco"
"2751","Velasco et al. 2021","Chao1","C57BL/6J","male",4,NA,NA,NA,"lnRR","Velasco"
"2752","Velasco et al. 2021","Chao1","MRL/MpJ","female",NA,4,NA,NA,"lnRR","Velasco"
"2753","Velasco et al. 2021","Chao1","MRL/MpJ","male",NA,4,NA,NA,"lnRR","Velasco"
"2754","Weng et al. 2019","Chao1","APOE2_APP transgene +","female",NA,11,NA,NA,"lnRR","Weng"
"2755","Weng et al. 2019","Chao1","APOE2_APP transgene +","male",NA,6,NA,NA,"lnRR","Weng"
"2756","Weng et al. 2019","Chao1","APOE2_APP transgene -","female",NA,18,NA,NA,"lnRR","Weng"
"2757","Weng et al. 2019","Chao1","APOE2_APP transgene -","male",NA,16,NA,NA,"lnRR","Weng"
"2758","Weng et al. 2019","Chao1","APOE3_APP transgene +","female",NA,21,NA,NA,"lnRR","Weng"
"2759","Weng et al. 2019","Chao1","APOE3_APP transgene +","male",NA,13,NA,NA,"lnRR","Weng"
"2760","Weng et al. 2019","Chao1","APOE3_APP transgene -","female",NA,15,NA,NA,"lnRR","Weng"
"2761","Weng et al. 2019","Chao1","APOE3_APP transgene -","male",NA,20,NA,NA,"lnRR","Weng"
"2762","Weng et al. 2019","Chao1","APOE4_APP transgene +","female",NA,24,NA,NA,"lnRR","Weng"
"2763","Weng et al. 2019","Chao1","APOE4_APP transgene +","male",NA,19,NA,NA,"lnRR","Weng"
"2764","Weng et al. 2019","Chao1","APOE4_APP transgene -","female",NA,24,NA,NA,"lnRR","Weng"
"2765","Weng et al. 2019","Chao1","APOE4_APP transgene -","male",NA,32,NA,NA,"lnRR","Weng"
"2766","Wolfe et al. 2020","Chao1","Smad3-/-_CRC_SFB+_cecal","female",NA,7,NA,NA,"lnRR","Wolfe"
"2767","Wolfe et al. 2020","Chao1","Smad3-/-_CRC_SFB+_cecal","male",NA,1,NA,NA,"lnRR","Wolfe"
"2768","Wolfe et al. 2020","Chao1","Smad3-/-_CRC_SFB+_fecal","female",NA,68,NA,NA,"lnRR","Wolfe"
"2769","Wolfe et al. 2020","Chao1","Smad3-/-_CRC_SFB+_fecal","male",NA,10,NA,NA,"lnRR","Wolfe"
"2770","Wolfe et al. 2020","Chao1","Smad3-/-_CRC_SFB-_cecal","female",NA,7,NA,NA,"lnRR","Wolfe"
"2771","Wolfe et al. 2020","Chao1","Smad3-/-_CRC_SFB-_cecal","male",NA,2,NA,NA,"lnRR","Wolfe"
"2772","Wolfe et al. 2020","Chao1","Smad3-/-_CRC_SFB-_fecal","female",NA,83,NA,NA,"lnRR","Wolfe"
"2773","Wolfe et al. 2020","Chao1","Smad3-/-_CRC_SFB-_fecal","male",NA,34,NA,NA,"lnRR","Wolfe"
"2774","Wolfe et al. 2020","Chao1","Smad3-/-_healthy_SFB+_cecal","female",NA,5,NA,NA,"lnRR","Wolfe"
"2775","Wolfe et al. 2020","Chao1","Smad3-/-_healthy_SFB+_cecal","male",NA,15,NA,NA,"lnRR","Wolfe"
"2776","Wolfe et al. 2020","Chao1","Smad3-/-_healthy_SFB+_fecal","female",NA,49,NA,NA,"lnRR","Wolfe"
"2777","Wolfe et al. 2020","Chao1","Smad3-/-_healthy_SFB+_fecal","male",NA,156,NA,NA,"lnRR","Wolfe"
"2778","Wolfe et al. 2020","Chao1","Smad3-/-_healthy_SFB-_cecal","female",NA,10,NA,NA,"lnRR","Wolfe"
"2779","Wolfe et al. 2020","Chao1","Smad3-/-_healthy_SFB-_cecal","male",NA,15,NA,NA,"lnRR","Wolfe"
"2780","Wolfe et al. 2020","Chao1","Smad3-/-_healthy_SFB-_fecal","female",NA,135,NA,NA,"lnRR","Wolfe"
"2781","Wolfe et al. 2020","Chao1","Smad3-/-_healthy_SFB-_fecal","male",NA,158,NA,NA,"lnRR","Wolfe"
"2782","Zajac et al. 2022","Chao1","APOE2/E2_cecal","female",NA,6,NA,NA,"lnRR","Zajac"
"2783","Zajac et al. 2022","Chao1","APOE2/E2_cecal","male",NA,5,NA,NA,"lnRR","Zajac"
"2784","Zajac et al. 2022","Chao1","APOE2/E2_fecal","female",NA,21,NA,NA,"lnRR","Zajac"
"2785","Zajac et al. 2022","Chao1","APOE2/E2_fecal","male",NA,15,NA,NA,"lnRR","Zajac"
"2786","Zajac et al. 2022","Chao1","APOE2/E2_small bowel","female",NA,3,NA,NA,"lnRR","Zajac"
"2787","Zajac et al. 2022","Chao1","APOE2/E2_small bowel","male",NA,2,NA,NA,"lnRR","Zajac"
"2788","Zajac et al. 2022","Chao1","APOE2/E3_cecal","female",NA,10,NA,NA,"lnRR","Zajac"
"2789","Zajac et al. 2022","Chao1","APOE2/E3_cecal","male",NA,7,NA,NA,"lnRR","Zajac"
"2790","Zajac et al. 2022","Chao1","APOE2/E3_fecal","female",NA,36,NA,NA,"lnRR","Zajac"
"2791","Zajac et al. 2022","Chao1","APOE2/E3_fecal","male",NA,21,NA,NA,"lnRR","Zajac"
"2792","Zajac et al. 2022","Chao1","APOE2/E3_small bowel","male",NA,1,NA,NA,"lnRR","Zajac"
"2793","Zajac et al. 2022","Chao1","APOE2_fecal","female",NA,7,NA,NA,"lnRR","Zajac"
"2794","Zajac et al. 2022","Chao1","APOE2_fecal","male",NA,8,NA,NA,"lnRR","Zajac"
"2795","Zajac et al. 2022","Chao1","APOE3/E3_cecal","female",NA,5,NA,NA,"lnRR","Zajac"
"2796","Zajac et al. 2022","Chao1","APOE3/E3_cecal","male",NA,13,NA,NA,"lnRR","Zajac"
"2797","Zajac et al. 2022","Chao1","APOE3/E3_fecal","female",NA,15,NA,NA,"lnRR","Zajac"
"2798","Zajac et al. 2022","Chao1","APOE3/E3_fecal","male",NA,41,NA,NA,"lnRR","Zajac"
"2799","Zajac et al. 2022","Chao1","APOE3/E3_small bowel","female",NA,2,NA,NA,"lnRR","Zajac"
"2800","Zajac et al. 2022","Chao1","APOE3/E3_small bowel","male",NA,4,NA,NA,"lnRR","Zajac"
"2801","Zajac et al. 2022","Chao1","APOE3/E4_cecal","female",NA,8,NA,NA,"lnRR","Zajac"
"2802","Zajac et al. 2022","Chao1","APOE3/E4_cecal","male",NA,10,NA,NA,"lnRR","Zajac"
"2803","Zajac et al. 2022","Chao1","APOE3/E4_fecal","female",NA,23,NA,NA,"lnRR","Zajac"
"2804","Zajac et al. 2022","Chao1","APOE3/E4_fecal","male",NA,32,NA,NA,"lnRR","Zajac"
"2805","Zajac et al. 2022","Chao1","APOE3/E4_small bowel","female",NA,1,NA,NA,"lnRR","Zajac"
"2806","Zajac et al. 2022","Chao1","APOE3_fecal","female",NA,7,NA,NA,"lnRR","Zajac"
"2807","Zajac et al. 2022","Chao1","APOE3_fecal","male",NA,6,NA,NA,"lnRR","Zajac"
"2808","Zajac et al. 2022","Chao1","APOE4/E4_cecal","female",NA,4,NA,NA,"lnRR","Zajac"
"2809","Zajac et al. 2022","Chao1","APOE4/E4_cecal","male",NA,5,NA,NA,"lnRR","Zajac"
"2810","Zajac et al. 2022","Chao1","APOE4/E4_fecal","female",NA,19,NA,NA,"lnRR","Zajac"
"2811","Zajac et al. 2022","Chao1","APOE4/E4_fecal","male",NA,15,NA,NA,"lnRR","Zajac"
"2812","Zajac et al. 2022","Chao1","APOE4/E4_small bowel","female",NA,3,NA,NA,"lnRR","Zajac"
"2813","Zajac et al. 2022","Chao1","APOE4/E4_small bowel","male",NA,3,NA,NA,"lnRR","Zajac"
"2814","Zajac et al. 2022","Chao1","APOE4_fecal","female",NA,7,NA,NA,"lnRR","Zajac"
"2815","Zajac et al. 2022","Chao1","APOE4_fecal","male",NA,7,NA,NA,"lnRR","Zajac"
"2816","Zou et al. 2021","Chao1","Glrx1 KO + High fat chow","female",4,4,-0.273162308858874,0.00703166521310605,"lnRR","Zou"
"2817","Zou et al. 2021","Chao1","Glrx1 KO + High fat chow","male",4,4,-0.167047083990018,0.00362803689381891,"lnRR","Zou"
"2818","Zou et al. 2021","Chao1","Glrx1 KO + Standard chow","female",4,3,-0.143733658179764,0.00640607745337045,"lnRR","Zou"
"2819","Zou et al. 2021","Chao1","Glrx1 KO + Standard chow","male",4,2,-0.0366075764378149,0.00264169500941739,"lnRR","Zou"
"2820","Zou et al. 2021","Chao1","High fat chow","female",4,5,-0.32679989029816,0.00634641866494061,"lnRR","Zou"
"2821","Zou et al. 2021","Chao1","High fat chow","male",4,5,-0.0699646918352636,0.00393440306958781,"lnRR","Zou"
"2822","Cheema & Pluznick 2019","Evenness","Ang II infusion","female",3,3,0.0547688039783981,0.0110491816551359,"lnRR","Cheema"
"2823","Cheema & Pluznick 2019","Evenness","Ang II infusion","male",3,3,0.0140983004781003,0.014405721393663,"lnRR","Cheema"
"2824","Ellis et al. 2021","Evenness","13C11MK4_cecal","female",7,7,-0.00715522248328803,0.000191465098477016,"lnRR","Ellis"
"2825","Ellis et al. 2021","Evenness","13C11MK4_cecal","male",7,7,-0.0276382215766649,0.000706007866149025,"lnRR","Ellis"
"2826","Ellis et al. 2021","Evenness","2H7MK7_cecal","female",7,7,-0.0254980577478852,0.000265904976562318,"lnRR","Ellis"
"2827","Ellis et al. 2021","Evenness","2H7MK7_cecal","male",7,7,-0.0136996282585472,0.00046708211975864,"lnRR","Ellis"
"2828","Ellis et al. 2021","Evenness","2H7MK9_cecal","female",7,7,-0.04416362971618,0.000216124434858853,"lnRR","Ellis"
"2829","Ellis et al. 2021","Evenness","2H7MK9_cecal","male",7,7,-0.0118452917605077,0.000329337721507279,"lnRR","Ellis"
"2830","Ellis et al. 2021","Evenness","2H7PK_cecal","female",7,7,-0.0161831889495373,0.000198859155727305,"lnRR","Ellis"
"2831","Ellis et al. 2021","Evenness","2H7PK_cecal","male",7,7,-0.0199842580196526,0.000895771874832689,"lnRR","Ellis"
"2832","Ellis et al. 2021","Evenness","Combo_cecal","female",7,9,0.027561565519734,0.000144359702918092,"lnRR","Ellis"
"2833","Ellis et al. 2021","Evenness","Combo_cecal","male",7,10,0.0920486551434364,0.000451730598424101,"lnRR","Ellis"
"2834","Ellis et al. 2021","Evenness","MK4_cecal","female",7,10,0.0371924460923156,0.000229838207676927,"lnRR","Ellis"
"2835","Ellis et al. 2021","Evenness","MK4_cecal","male",7,10,0.0845266397537438,0.000379777705078517,"lnRR","Ellis"
"2836","Ellis et al. 2021","Evenness","MK9_cecal","female",7,9,0.0474420366929219,0.000154008348304548,"lnRR","Ellis"
"2837","Ellis et al. 2021","Evenness","MK9_cecal","male",7,9,0.115456318849429,0.000412576807080607,"lnRR","Ellis"
"2838","Ellis et al. 2021","Evenness","PK_cecal","female",7,9,0.0269821712012175,0.000188543821230017,"lnRR","Ellis"
"2839","Ellis et al. 2021","Evenness","PK_cecal","male",7,10,0.102322858826004,0.000389884576326347,"lnRR","Ellis"
"2840","Ellis et al. 2021","Evenness","VKdef_cecal","female",7,9,0.0130089192010873,0.000210463031390794,"lnRR","Ellis"
"2841","Ellis et al. 2021","Evenness","VKdef_cecal","male",7,8,0.0871783095143322,0.000392570524851757,"lnRR","Ellis"
"2842","Gubert et al. 2022","Evenness","R6/1_Enviromental enrichment ","female",8,7,0.0460639213411008,0.00502410991716031,"lnRR","Gubert"
"2843","Gubert et al. 2022","Evenness","R6/1_Enviromental enrichment ","female",8,7,0.0810566465285351,0.00653313704137109,"lnRR","Gubert"
"2844","Gubert et al. 2022","Evenness","R6/1_Enviromental enrichment ","male",8,8,-0.0857296264934307,0.00330175949376763,"lnRR","Gubert"
"2845","Gubert et al. 2022","Evenness","R6/1_Enviromental enrichment ","male",8,8,0.115276942619342,0.00608460387859446,"lnRR","Gubert"
"2846","Gubert et al. 2022","Evenness","R6/1_Exercise","female",8,8,-0.03710299004995,0.00512938421638361,"lnRR","Gubert"
"2847","Gubert et al. 2022","Evenness","R6/1_Exercise","female",8,8,-0.00211026486251566,0.00663841134059439,"lnRR","Gubert"
"2848","Gubert et al. 2022","Evenness","R6/1_Exercise","male",8,8,0.0114665196581922,0.00220912822723373,"lnRR","Gubert"
"2849","Gubert et al. 2022","Evenness","R6/1_Exercise","male",8,8,0.212473088770965,0.00499197261206056,"lnRR","Gubert"
"2850","Gubert et al. 2022","Evenness","WT_Enviromental enrichment ","female",8,8,-0.0231897138658708,0.00473213953534047,"lnRR","Gubert"
"2851","Gubert et al. 2022","Evenness","WT_Enviromental enrichment ","female",8,8,0.0118030113215635,0.00624116665955125,"lnRR","Gubert"
"2852","Gubert et al. 2022","Evenness","WT_Enviromental enrichment ","male",8,8,-0.0771620387877571,0.00471853860072619,"lnRR","Gubert"
"2853","Gubert et al. 2022","Evenness","WT_Enviromental enrichment ","male",8,8,0.123844530325016,0.00750138298555302,"lnRR","Gubert"
"2854","Gubert et al. 2022","Evenness","WT_Exercise","female",8,8,-0.0126943981240667,0.00312519351116164,"lnRR","Gubert"
"2855","Gubert et al. 2022","Evenness","WT_Exercise","female",8,8,0.0222983270633675,0.00463422063537241,"lnRR","Gubert"
"2856","Gubert et al. 2022","Evenness","WT_Exercise","male",8,8,-0.153070652999528,0.00306862165114657,"lnRR","Gubert"
"2857","Gubert et al. 2022","Evenness","WT_Exercise","male",8,8,0.0479359161132449,0.0058514660359734,"lnRR","Gubert"
"2858","Ibrahim et al. 2019","Evenness","AOM/DSS","female",4,3,-0.055736166025683,0.00298952296314221,"lnRR","Ibrahim"
"2859","Ibrahim et al. 2019","Evenness","AOM/DSS","female",4,3,-0.0214682739300745,0.00333008202502361,"lnRR","Ibrahim"
"2860","Ibrahim et al. 2019","Evenness","AOM/DSS","male",4,7,-0.0407660117593242,0.0031636955461397,"lnRR","Ibrahim"
"2861","Ibrahim et al. 2019","Evenness","AOM/DSS","male",4,7,-0.0842378951397358,0.000824847495751763,"lnRR","Ibrahim"
"2862","Ibrahim et al. 2019","Evenness","AOM/DSS-ERbKOVil","female",4,6,-0.0475282484679274,0.00115484293796604,"lnRR","Ibrahim"
"2863","Ibrahim et al. 2019","Evenness","AOM/DSS-ERbKOVil","female",4,6,-0.0132603563723189,0.00149540199984744,"lnRR","Ibrahim"
"2864","Ibrahim et al. 2019","Evenness","AOM/DSS-ERbKOVil","male",4,7,0.0597935430581915,0.00278429620232059,"lnRR","Ibrahim"
"2865","Ibrahim et al. 2019","Evenness","AOM/DSS-ERbKOVil","male",4,7,0.0163216596777798,0.000445448151932652,"lnRR","Ibrahim"
"2866","Kozik et al. 2019","Evenness","Colitis-cecal","female",3,7,-0.216411527153912,0.00216308038181265,"lnRR","Kozik"
"2867","Kozik et al. 2019","Evenness","Colitis-cecal","female",3,7,0.0479651213457579,0.0554586640079031,"lnRR","Kozik"
"2868","Kozik et al. 2019","Evenness","Colitis-cecal","female",3,7,0.123105139266398,0.0366665193821824,"lnRR","Kozik"
"2869","Kozik et al. 2019","Evenness","Colitis-cecal","female",3,7,0.353485975702922,0.00526216093787288,"lnRR","Kozik"
"2870","Kozik et al. 2019","Evenness","Colitis-cecal","male",2,7,-0.156176451570901,0.00107078312128221,"lnRR","Kozik"
"2871","Kozik et al. 2019","Evenness","Colitis-cecal","male",2,7,0.0567685871008846,0.00121959512031806,"lnRR","Kozik"
"2872","Kozik et al. 2019","Evenness","Colitis-cecal","male",2,7,0.27399786255066,0.00515407686653595,"lnRR","Kozik"
"2873","Kozik et al. 2019","Evenness","Colitis-colonMucus","female",3,4,-0.204702172443096,0.0070695138025637,"lnRR","Kozik"
"2874","Kozik et al. 2019","Evenness","Colitis-colonMucus","female",3,4,0.0596744760565737,0.0603650974286541,"lnRR","Kozik"
"2875","Kozik et al. 2019","Evenness","Colitis-colonMucus","female",3,4,0.134814493977213,0.0415729528029335,"lnRR","Kozik"
"2876","Kozik et al. 2019","Evenness","Colitis-colonMucus","female",3,4,0.365195330413738,0.0101685943586239,"lnRR","Kozik"
"2877","Kozik et al. 2019","Evenness","Colitis-colonMucus","male",2,5,-0.160679931602854,0.00149820142339844,"lnRR","Kozik"
"2878","Kozik et al. 2019","Evenness","Colitis-colonMucus","male",2,5,0.052265107068931,0.00164701342243429,"lnRR","Kozik"
"2879","Kozik et al. 2019","Evenness","Colitis-colonMucus","male",2,5,0.269494382518707,0.00558149516865219,"lnRR","Kozik"
"2880","Kozik et al. 2019","Evenness","Colitis-colonMucus_T0","male",2,1,NA,NA,"lnRR","Kozik"
"2881","Kozik et al. 2019","Evenness","Colitis-colonMucus_T0","male",2,1,NA,NA,"lnRR","Kozik"
"2882","Kozik et al. 2019","Evenness","Colitis-colonMucus_T0","male",2,1,NA,NA,"lnRR","Kozik"
"2883","Kozik et al. 2019","Evenness","Colitis-fecal","female",3,7,-0.394002344207084,0.00240011374739574,"lnRR","Kozik"
"2884","Kozik et al. 2019","Evenness","Colitis-fecal","female",3,7,-0.129625695707413,0.0556956973734862,"lnRR","Kozik"
"2885","Kozik et al. 2019","Evenness","Colitis-fecal","female",3,7,-0.0544856777867735,0.0369035527477655,"lnRR","Kozik"
"2886","Kozik et al. 2019","Evenness","Colitis-fecal","female",3,7,0.175895158649751,0.00549919430345598,"lnRR","Kozik"
"2887","Kozik et al. 2019","Evenness","Colitis-fecal","male",2,5,-0.364446437038785,0.00300657165691564,"lnRR","Kozik"
"2888","Kozik et al. 2019","Evenness","Colitis-fecal","male",2,5,-0.151501398367,0.0031553836559515,"lnRR","Kozik"
"2889","Kozik et al. 2019","Evenness","Colitis-fecal","male",2,5,0.0657278770827763,0.00708986540216939,"lnRR","Kozik"
"2890","Kozik et al. 2019","Evenness","Colitis-fecal_T0","female",3,7,-0.513250308850506,0.00272165501923539,"lnRR","Kozik"
"2891","Kozik et al. 2019","Evenness","Colitis-fecal_T0","female",3,7,-0.248873660350836,0.0560172386453258,"lnRR","Kozik"
"2892","Kozik et al. 2019","Evenness","Colitis-fecal_T0","female",3,7,-0.173733642430197,0.0372250940196051,"lnRR","Kozik"
"2893","Kozik et al. 2019","Evenness","Colitis-fecal_T0","female",3,7,0.0566471940063277,0.00582073557529562,"lnRR","Kozik"
"2894","Kozik et al. 2019","Evenness","Colitis-fecal_T0","male",2,7,-0.422537202153138,0.00387080857536473,"lnRR","Kozik"
"2895","Kozik et al. 2019","Evenness","Colitis-fecal_T0","male",2,7,-0.209592163481353,0.00401962057440058,"lnRR","Kozik"
"2896","Kozik et al. 2019","Evenness","Colitis-fecal_T0","male",2,7,0.00763711196842319,0.00795410232061848,"lnRR","Kozik"
"2897","Li et al. 2020","Evenness","Chow diet + STZ injection+ Distilled water ","female",NA,1,NA,NA,"lnRR","Li"
"2898","Li et al. 2020","Evenness","Chow diet + STZ injection+ Distilled water ","male",NA,5,NA,NA,"lnRR","Li"
"2899","Li et al. 2020","Evenness","HFD+ STZ injection + DNJ","female",NA,9,NA,NA,"lnRR","Li"
"2900","Li et al. 2020","Evenness","HFD+ STZ injection + DNJ","male",NA,1,NA,NA,"lnRR","Li"
"2901","Li et al. 2020","Evenness","HFD+ STZ injection+ Distilled water","female",NA,3,NA,NA,"lnRR","Li"
"2902","Lindheim et al. 2018","Evenness","PRJNA445979","female",NA,93,NA,NA,"lnRR","Lindheim"
"2903","Lindheim et al. 2018","Evenness","PRJNA445979","male",NA,76,NA,NA,"lnRR","Lindheim"
"2904","Lyte et al. 2022","Evenness","beef-chow","female",19,19,0.0500342271528291,0.000401555242857152,"lnRR","Lyte"
"2905","Lyte et al. 2022","Evenness","beef-chow","male",20,18,0.161979252035026,0.000876394490540796,"lnRR","Lyte"
"2906","Lyte et al. 2022","Evenness","beef-chow-stress","female",19,20,-0.0192146513556158,0.000327363552511301,"lnRR","Lyte"
"2907","Lyte et al. 2022","Evenness","beef-chow-stress","male",20,18,0.0727566619354625,0.000936334786344117,"lnRR","Lyte"
"2908","Lyte et al. 2022","Evenness","chow-stress","female",19,20,-0.0074049817113075,0.000358964894276947,"lnRR","Lyte"
"2909","Lyte et al. 2022","Evenness","chow-stress","male",20,20,0.0655624529469734,0.00105069406944467,"lnRR","Lyte"
"2910","Pizarro et al. 2021","Evenness","Water-T0","female",8,NA,NA,NA,"lnRR","Pizarro"
"2911","Pizarro et al. 2021","Evenness","Water-T0","male",10,NA,NA,NA,"lnRR","Pizarro"
"2912","Pizarro et al. 2021","Evenness","EtOH-Syn-T1","female",NA,8,NA,NA,"lnRR","Pizarro"
"2913","Pizarro et al. 2021","Evenness","EtOH-Syn-T1","male",NA,10,NA,NA,"lnRR","Pizarro"
"2914","Pizarro et al. 2021","Evenness","EtOH-T1","female",NA,8,NA,NA,"lnRR","Pizarro"
"2915","Pizarro et al. 2021","Evenness","EtOH-T1","male",NA,10,NA,NA,"lnRR","Pizarro"
"2916","Pizarro et al. 2021","Evenness","Symbiotic-T0","female",NA,8,NA,NA,"lnRR","Pizarro"
"2917","Pizarro et al. 2021","Evenness","Symbiotic-T0","male",NA,10,NA,NA,"lnRR","Pizarro"
"2918","Ramakrishna et al. 2020","Evenness","ACV+IVIG-injected","female",3,4,-0.0238305950304712,0.00203099497715888,"lnRR","Ramakrishna"
"2919","Ramakrishna et al. 2020","Evenness","ACV+IVIG-injected","male",2,1,NA,NA,"lnRR","Ramakrishna"
"2920","Ramakrishna et al. 2020","Evenness","ACV-injected","female",3,2,-0.0801946866642203,0.0158350498674361,"lnRR","Ramakrishna"
"2921","Ramakrishna et al. 2020","Evenness","ACV-injected","male",2,3,-0.0539738655407662,0.00587794362330712,"lnRR","Ramakrishna"
"2922","Ramakrishna et al. 2020","Evenness","HSV1-infected","female",3,5,-0.0139588418600023,0.00100831193239509,"lnRR","Ramakrishna"
"2923","Ramakrishna et al. 2020","Evenness","HSV1-infected","male",2,4,-0.0163203030740724,0.00178075201116584,"lnRR","Ramakrishna"
"2924","Ramakrishna et al. 2020","Evenness","HSV1-infected; ACV+IVIG-injected","female",3,3,-0.041910300418041,0.00326393600200116,"lnRR","Ramakrishna"
"2925","Ramakrishna et al. 2020","Evenness","HSV1-infected; ACV+IVIG-injected","male",2,2,0.0241325794707257,0.00117611835758539,"lnRR","Ramakrishna"
"2926","Ramakrishna et al. 2020","Evenness","HSV1-infected; ACV-injected","female",3,1,NA,NA,"lnRR","Ramakrishna"
"2927","Ramakrishna et al. 2020","Evenness","HSV1-infected; ACV-injected","male",2,1,NA,NA,"lnRR","Ramakrishna"
"2928","Ramakrishna et al. 2020","Evenness","HSV1-infected; IVIG-injected","female",3,1,NA,NA,"lnRR","Ramakrishna"
"2929","Ramakrishna et al. 2020","Evenness","HSV1-infected; IVIG-injected","male",2,3,-0.077518522991049,0.00481378667388937,"lnRR","Ramakrishna"
"2930","Ramakrishna et al. 2020","Evenness","IVIG-injected","female",3,5,-0.117311866340407,0.00243548532122438,"lnRR","Ramakrishna"
"2931","Ramakrishna et al. 2020","Evenness","IVIG-injected","male",2,5,0.0180302456226254,0.000911765979382046,"lnRR","Ramakrishna"
"2932","Son et al. 2019","Evenness","IL-10 Knockout ","female",8,8,0.59767772337544,0.0116811789239132,"lnRR","Son"
"2933","Son et al. 2019","Evenness","IL-10 Knockout ","male",8,8,-0.317599983924096,0.00816374781625416,"lnRR","Son"
"2934","Song et al. 2020","Evenness","AOM/DSS","male",5,12,-0.106304707066535,0.0035774084182557,"lnRR","Song"
"2935","Song et al. 2020","Evenness","AOM/DSS E2-supplemented","male",5,12,-0.199497700758169,0.00430975179679268,"lnRR","Song"
"2936","Song et al. 2020","Evenness","E2-supplemented","male",5,12,-0.316645598574018,0.00400799546584441,"lnRR","Song"
"2937","Song et al. 2020","Evenness","ovariectomized ","female",11,7,0.00715057323862768,0.00100544763334408,"lnRR","Song"
"2938","Song et al. 2021","Evenness","AOM/DSS","female",8,8,0.0184314650582131,0.0262772014447534,"lnRR","Song"
"2939","Song et al. 2021","Evenness","AOM/DSS","male",8,8,-0.273608354003809,0.00690138748181519,"lnRR","Song"
"2940","Song et al. 2021","Evenness","AOM/DSS-Nrf2KO","female",8,8,0.0679060480011892,0.0260332397525626,"lnRR","Song"
"2941","Song et al. 2021","Evenness","AOM/DSS-Nrf2KO","male",8,8,-0.422391240445066,0.0064754979498634,"lnRR","Song"
"2942","Song et al. 2021","Evenness","Nrf2KO","female",8,8,0.0971987313589176,0.0207948611439956,"lnRR","Song"
"2943","Song et al. 2021","Evenness","Nrf2KO","male",8,8,0.00811893484163475,0.00413117602173169,"lnRR","Song"
"2944","Song et al. 2022","Evenness","AOM/DSS","female",4,7,0.0118175755488815,0.00939539276470962,"lnRR","Song"
"2945","Song et al. 2022","Evenness","AOM/DSS","male",4,10,-0.156199301445713,0.00667740782969337,"lnRR","Song"
"2946","Song et al. 2022","Evenness","AOM/DSS_ steroid-injected","female",4,4,0.0648858509706326,0.0158258670248845,"lnRR","Song"
"2947","Song et al. 2022","Evenness","AOM/DSS_ steroid-injected","male",4,8,-0.166196210133101,0.00748900281048018,"lnRR","Song"
"2948","Song et al. 2022","Evenness","orchiectomized","male",4,4,-0.260470293860798,0.00861826663414781,"lnRR","Song"
"2949","Song et al. 2022","Evenness","orchiectomized_ AOM/DSS","male",4,10,-0.0621196412759643,0.0082480998988628,"lnRR","Song"
"2950","Song et al. 2022","Evenness","orchiectomized_ AOM/DSS_ steroid-injected","male",4,6,-0.334492483947795,0.00865628243353585,"lnRR","Song"
"2951","Sun et al. 2020","Evenness","High fat","female",8,7,0.0187565314892101,0.000486813904263841,"lnRR","Sun"
"2952","Sun et al. 2020","Evenness","High fat","male",8,8,-0.0464477079131857,0.000744621133469543,"lnRR","Sun"
"2953","Sun et al. 2020","Evenness","Pomctm1/tm1","female",8,8,0.0107440327480383,0.000530081607932542,"lnRR","Sun"
"2954","Sun et al. 2020","Evenness","Pomctm1/tm1","male",8,8,-0.0755995576143997,0.00168987328522219,"lnRR","Sun"
"2955","Sun et al. 2020","Evenness","Pomctm1/tm1, High fat","female",8,7,-0.0277399577285929,0.000467016426335995,"lnRR","Sun"
"2956","Sun et al. 2020","Evenness","Pomctm1/tm1, High fat","male",8,8,-0.0710554323126652,0.00199028167302589,"lnRR","Sun"
"2957","Tam et al. 2020","Evenness","""Smoke exposed, ovariectomy""_cecal","female",10,8,-0.0857916278117012,0.00146274644327032,"lnRR","Tam"
"2958","Tam et al. 2020","Evenness","Smoke exposed_cecal","female",10,10,0.0282022839422368,0.000801304567115483,"lnRR","Tam"
"2959","Tam et al. 2020","Evenness","Smoke exposed_cecal","male",10,10,-0.0598218580094918,0.00120049029659547,"lnRR","Tam"
"2960","Tam et al. 2020","Evenness","ovariectomy_cecal","female",10,10,-0.0641993764396007,0.00135916527148849,"lnRR","Tam"
"2961","Tashiro et al. 2020","Evenness","Cellulose","female",8,8,0.157711834436659,0.0141812373801534,"lnRR","Tashiro"
"2962","Tashiro et al. 2020","Evenness","Cellulose","male",8,8,0.14291198992303,0.0116999275732686,"lnRR","Tashiro"
"2963","Tashiro et al. 2020","Evenness","Fiberfree","female",8,8,0.082783737505769,0.0131938581356929,"lnRR","Tashiro"
"2964","Tashiro et al. 2020","Evenness","Fiberfree","male",8,8,0.0782761675273484,0.00791595994268906,"lnRR","Tashiro"
"2965","Tashiro et al. 2020","Evenness","Pectin","female",8,8,-0.0352299280566042,0.0135590801188614,"lnRR","Tashiro"
"2966","Tashiro et al. 2020","Evenness","Pectin","male",8,8,-0.176254180089543,0.0154896537925487,"lnRR","Tashiro"
"2967","Velasco et al. 2021","Evenness","C57BL/6J","female",4,NA,NA,NA,"lnRR","Velasco"
"2968","Velasco et al. 2021","Evenness","C57BL/6J","male",4,NA,NA,NA,"lnRR","Velasco"
"2969","Velasco et al. 2021","Evenness","MRL/MpJ","female",NA,4,NA,NA,"lnRR","Velasco"
"2970","Velasco et al. 2021","Evenness","MRL/MpJ","male",NA,4,NA,NA,"lnRR","Velasco"
"2971","Weng et al. 2019","Evenness","APOE2_APP transgene +","female",NA,11,NA,NA,"lnRR","Weng"
"2972","Weng et al. 2019","Evenness","APOE2_APP transgene +","male",NA,6,NA,NA,"lnRR","Weng"
"2973","Weng et al. 2019","Evenness","APOE2_APP transgene -","female",NA,18,NA,NA,"lnRR","Weng"
"2974","Weng et al. 2019","Evenness","APOE2_APP transgene -","male",NA,16,NA,NA,"lnRR","Weng"
"2975","Weng et al. 2019","Evenness","APOE3_APP transgene +","female",NA,21,NA,NA,"lnRR","Weng"
"2976","Weng et al. 2019","Evenness","APOE3_APP transgene +","male",NA,13,NA,NA,"lnRR","Weng"
"2977","Weng et al. 2019","Evenness","APOE3_APP transgene -","female",NA,15,NA,NA,"lnRR","Weng"
"2978","Weng et al. 2019","Evenness","APOE3_APP transgene -","male",NA,20,NA,NA,"lnRR","Weng"
"2979","Weng et al. 2019","Evenness","APOE4_APP transgene +","female",NA,24,NA,NA,"lnRR","Weng"
"2980","Weng et al. 2019","Evenness","APOE4_APP transgene +","male",NA,19,NA,NA,"lnRR","Weng"
"2981","Weng et al. 2019","Evenness","APOE4_APP transgene -","female",NA,24,NA,NA,"lnRR","Weng"
"2982","Weng et al. 2019","Evenness","APOE4_APP transgene -","male",NA,32,NA,NA,"lnRR","Weng"
"2983","Wolfe et al. 2020","Evenness","Smad3-/-_CRC_SFB+_cecal","female",NA,7,NA,NA,"lnRR","Wolfe"
"2984","Wolfe et al. 2020","Evenness","Smad3-/-_CRC_SFB+_cecal","male",NA,1,NA,NA,"lnRR","Wolfe"
"2985","Wolfe et al. 2020","Evenness","Smad3-/-_CRC_SFB+_fecal","female",NA,68,NA,NA,"lnRR","Wolfe"
"2986","Wolfe et al. 2020","Evenness","Smad3-/-_CRC_SFB+_fecal","male",NA,10,NA,NA,"lnRR","Wolfe"
"2987","Wolfe et al. 2020","Evenness","Smad3-/-_CRC_SFB-_cecal","female",NA,7,NA,NA,"lnRR","Wolfe"
"2988","Wolfe et al. 2020","Evenness","Smad3-/-_CRC_SFB-_cecal","male",NA,2,NA,NA,"lnRR","Wolfe"
"2989","Wolfe et al. 2020","Evenness","Smad3-/-_CRC_SFB-_fecal","female",NA,83,NA,NA,"lnRR","Wolfe"
"2990","Wolfe et al. 2020","Evenness","Smad3-/-_CRC_SFB-_fecal","male",NA,34,NA,NA,"lnRR","Wolfe"
"2991","Wolfe et al. 2020","Evenness","Smad3-/-_healthy_SFB+_cecal","female",NA,5,NA,NA,"lnRR","Wolfe"
"2992","Wolfe et al. 2020","Evenness","Smad3-/-_healthy_SFB+_cecal","male",NA,15,NA,NA,"lnRR","Wolfe"
"2993","Wolfe et al. 2020","Evenness","Smad3-/-_healthy_SFB+_fecal","female",NA,49,NA,NA,"lnRR","Wolfe"
"2994","Wolfe et al. 2020","Evenness","Smad3-/-_healthy_SFB+_fecal","male",NA,156,NA,NA,"lnRR","Wolfe"
"2995","Wolfe et al. 2020","Evenness","Smad3-/-_healthy_SFB-_cecal","female",NA,10,NA,NA,"lnRR","Wolfe"
"2996","Wolfe et al. 2020","Evenness","Smad3-/-_healthy_SFB-_cecal","male",NA,15,NA,NA,"lnRR","Wolfe"
"2997","Wolfe et al. 2020","Evenness","Smad3-/-_healthy_SFB-_fecal","female",NA,135,NA,NA,"lnRR","Wolfe"
"2998","Wolfe et al. 2020","Evenness","Smad3-/-_healthy_SFB-_fecal","male",NA,158,NA,NA,"lnRR","Wolfe"
"2999","Zajac et al. 2022","Evenness","APOE2/E2_cecal","female",NA,6,NA,NA,"lnRR","Zajac"
"3000","Zajac et al. 2022","Evenness","APOE2/E2_cecal","male",NA,5,NA,NA,"lnRR","Zajac"
"3001","Zajac et al. 2022","Evenness","APOE2/E2_fecal","female",NA,21,NA,NA,"lnRR","Zajac"
"3002","Zajac et al. 2022","Evenness","APOE2/E2_fecal","male",NA,15,NA,NA,"lnRR","Zajac"
"3003","Zajac et al. 2022","Evenness","APOE2/E2_small bowel","female",NA,3,NA,NA,"lnRR","Zajac"
"3004","Zajac et al. 2022","Evenness","APOE2/E2_small bowel","male",NA,2,NA,NA,"lnRR","Zajac"
"3005","Zajac et al. 2022","Evenness","APOE2/E3_cecal","female",NA,10,NA,NA,"lnRR","Zajac"
"3006","Zajac et al. 2022","Evenness","APOE2/E3_cecal","male",NA,7,NA,NA,"lnRR","Zajac"
"3007","Zajac et al. 2022","Evenness","APOE2/E3_fecal","female",NA,36,NA,NA,"lnRR","Zajac"
"3008","Zajac et al. 2022","Evenness","APOE2/E3_fecal","male",NA,21,NA,NA,"lnRR","Zajac"
"3009","Zajac et al. 2022","Evenness","APOE2/E3_small bowel","male",NA,1,NA,NA,"lnRR","Zajac"
"3010","Zajac et al. 2022","Evenness","APOE2_fecal","female",NA,7,NA,NA,"lnRR","Zajac"
"3011","Zajac et al. 2022","Evenness","APOE2_fecal","male",NA,8,NA,NA,"lnRR","Zajac"
"3012","Zajac et al. 2022","Evenness","APOE3/E3_cecal","female",NA,5,NA,NA,"lnRR","Zajac"
"3013","Zajac et al. 2022","Evenness","APOE3/E3_cecal","male",NA,13,NA,NA,"lnRR","Zajac"
"3014","Zajac et al. 2022","Evenness","APOE3/E3_fecal","female",NA,15,NA,NA,"lnRR","Zajac"
"3015","Zajac et al. 2022","Evenness","APOE3/E3_fecal","male",NA,41,NA,NA,"lnRR","Zajac"
"3016","Zajac et al. 2022","Evenness","APOE3/E3_small bowel","female",NA,2,NA,NA,"lnRR","Zajac"
"3017","Zajac et al. 2022","Evenness","APOE3/E3_small bowel","male",NA,4,NA,NA,"lnRR","Zajac"
"3018","Zajac et al. 2022","Evenness","APOE3/E4_cecal","female",NA,8,NA,NA,"lnRR","Zajac"
"3019","Zajac et al. 2022","Evenness","APOE3/E4_cecal","male",NA,10,NA,NA,"lnRR","Zajac"
"3020","Zajac et al. 2022","Evenness","APOE3/E4_fecal","female",NA,23,NA,NA,"lnRR","Zajac"
"3021","Zajac et al. 2022","Evenness","APOE3/E4_fecal","male",NA,32,NA,NA,"lnRR","Zajac"
"3022","Zajac et al. 2022","Evenness","APOE3/E4_small bowel","female",NA,1,NA,NA,"lnRR","Zajac"
"3023","Zajac et al. 2022","Evenness","APOE3_fecal","female",NA,7,NA,NA,"lnRR","Zajac"
"3024","Zajac et al. 2022","Evenness","APOE3_fecal","male",NA,6,NA,NA,"lnRR","Zajac"
"3025","Zajac et al. 2022","Evenness","APOE4/E4_cecal","female",NA,4,NA,NA,"lnRR","Zajac"
"3026","Zajac et al. 2022","Evenness","APOE4/E4_cecal","male",NA,5,NA,NA,"lnRR","Zajac"
"3027","Zajac et al. 2022","Evenness","APOE4/E4_fecal","female",NA,19,NA,NA,"lnRR","Zajac"
"3028","Zajac et al. 2022","Evenness","APOE4/E4_fecal","male",NA,15,NA,NA,"lnRR","Zajac"
"3029","Zajac et al. 2022","Evenness","APOE4/E4_small bowel","female",NA,3,NA,NA,"lnRR","Zajac"
"3030","Zajac et al. 2022","Evenness","APOE4/E4_small bowel","male",NA,3,NA,NA,"lnRR","Zajac"
"3031","Zajac et al. 2022","Evenness","APOE4_fecal","female",NA,7,NA,NA,"lnRR","Zajac"
"3032","Zajac et al. 2022","Evenness","APOE4_fecal","male",NA,7,NA,NA,"lnRR","Zajac"
"3033","Zou et al. 2021","Evenness","Glrx1 KO + High fat chow","female",4,4,0.0674058149852072,0.00372601291977585,"lnRR","Zou"
"3034","Zou et al. 2021","Evenness","Glrx1 KO + High fat chow","male",4,4,-0.0192053692465484,0.00172626868639672,"lnRR","Zou"
"3035","Zou et al. 2021","Evenness","Glrx1 KO + Standard chow","female",4,3,0.0173934052132161,0.00466786276984988,"lnRR","Zou"
"3036","Zou et al. 2021","Evenness","Glrx1 KO + Standard chow","male",4,2,-0.0196491271494342,0.000381872214678188,"lnRR","Zou"
"3037","Zou et al. 2021","Evenness","High fat chow","female",4,5,0.0941213398458536,0.00309924670594043,"lnRR","Zou"
"3038","Zou et al. 2021","Evenness","High fat chow","male",4,5,0.0604802077261578,0.000777076395840923,"lnRR","Zou"
"3039","Cheema & Pluznick 2019","Richness","Ang II infusion","female",3,3,0.094863675798183,0.0235697750376443,"lnRR","Cheema"
"3040","Cheema & Pluznick 2019","Richness","Ang II infusion","male",3,3,-0.181864610951662,0.0389796963761467,"lnRR","Cheema"
"3041","Ellis et al. 2021","Richness","13C11MK4_cecal","female",7,7,0.0373930411983739,0.000752230250983476,"lnRR","Ellis"
"3042","Ellis et al. 2021","Richness","13C11MK4_cecal","male",7,7,0.00255537660451745,0.00948321246396986,"lnRR","Ellis"
"3043","Ellis et al. 2021","Richness","2H7MK7_cecal","female",7,7,0.00665032093477476,0.000760957628957361,"lnRR","Ellis"
"3044","Ellis et al. 2021","Richness","2H7MK7_cecal","male",7,7,-0.0542028072039157,0.010333680148653,"lnRR","Ellis"
"3045","Ellis et al. 2021","Richness","2H7MK9_cecal","female",7,7,0.0473738417371137,0.00114831377669455,"lnRR","Ellis"
"3046","Ellis et al. 2021","Richness","2H7MK9_cecal","male",7,7,0.0249626558004983,0.00966794179309185,"lnRR","Ellis"
"3047","Ellis et al. 2021","Richness","2H7PK_cecal","female",7,7,0.0297020205485995,0.00116211635936586,"lnRR","Ellis"
"3048","Ellis et al. 2021","Richness","2H7PK_cecal","male",7,7,0.0344407157845999,0.0107245615765817,"lnRR","Ellis"
"3049","Ellis et al. 2021","Richness","Combo_cecal","female",7,9,0.20815932494564,0.00147994684351134,"lnRR","Ellis"
"3050","Ellis et al. 2021","Richness","Combo_cecal","male",7,10,0.188971880715486,0.00954092996960863,"lnRR","Ellis"
"3051","Ellis et al. 2021","Richness","MK4_cecal","female",7,10,0.158299415129819,0.00111801000505485,"lnRR","Ellis"
"3052","Ellis et al. 2021","Richness","MK4_cecal","male",7,10,0.158227413161717,0.0101877831429064,"lnRR","Ellis"
"3053","Ellis et al. 2021","Richness","MK9_cecal","female",7,9,0.113914803916896,0.00108472126779814,"lnRR","Ellis"
"3054","Ellis et al. 2021","Richness","MK9_cecal","male",7,9,0.0722227476918757,0.0105176222334136,"lnRR","Ellis"
"3055","Ellis et al. 2021","Richness","PK_cecal","female",7,9,0.196501382739639,0.000991321008499976,"lnRR","Ellis"
"3056","Ellis et al. 2021","Richness","PK_cecal","male",7,10,-0.0391338579413728,0.0168369590072482,"lnRR","Ellis"
"3057","Ellis et al. 2021","Richness","VKdef_cecal","female",7,9,0.174193514877611,0.00176099177584485,"lnRR","Ellis"
"3058","Ellis et al. 2021","Richness","VKdef_cecal","male",7,8,0.218221484079654,0.0101349769310679,"lnRR","Ellis"
"3059","Gubert et al. 2022","Richness","R6/1_Enviromental enrichment ","female",8,7,0.0306282260937035,0.0105416801777223,"lnRR","Gubert"
"3060","Gubert et al. 2022","Richness","R6/1_Enviromental enrichment ","female",8,7,0.224477263785647,0.0152226584302551,"lnRR","Gubert"
"3061","Gubert et al. 2022","Richness","R6/1_Enviromental enrichment ","male",8,8,-0.0446060360898637,0.00632525623583609,"lnRR","Gubert"
"3062","Gubert et al. 2022","Richness","R6/1_Enviromental enrichment ","male",8,8,0.0793674343831214,0.00754899646091214,"lnRR","Gubert"
"3063","Gubert et al. 2022","Richness","R6/1_Exercise","female",8,8,-0.089204718229759,0.0139061543904021,"lnRR","Gubert"
"3064","Gubert et al. 2022","Richness","R6/1_Exercise","female",8,8,0.104644319462185,0.0185871326429349,"lnRR","Gubert"
"3065","Gubert et al. 2022","Richness","R6/1_Exercise","male",8,8,0.0442098383292613,0.00485014556532194,"lnRR","Gubert"
"3066","Gubert et al. 2022","Richness","R6/1_Exercise","male",8,8,0.168183308802246,0.00607388579039799,"lnRR","Gubert"
"3067","Gubert et al. 2022","Richness","WT_Enviromental enrichment ","female",8,8,-0.0633968345028613,0.0116042282831533,"lnRR","Gubert"
"3068","Gubert et al. 2022","Richness","WT_Enviromental enrichment ","female",8,8,0.130452203189083,0.0162852065356861,"lnRR","Gubert"
"3069","Gubert et al. 2022","Richness","WT_Enviromental enrichment ","male",8,8,-0.244782077914285,0.00911494960600067,"lnRR","Gubert"
"3070","Gubert et al. 2022","Richness","WT_Enviromental enrichment ","male",8,8,-0.1208086074413,0.0103386898310767,"lnRR","Gubert"
"3071","Gubert et al. 2022","Richness","WT_Exercise","female",8,8,-0.149052788055076,0.0126080403326339,"lnRR","Gubert"
"3072","Gubert et al. 2022","Richness","WT_Exercise","female",8,8,0.0447962496368683,0.0172890185851667,"lnRR","Gubert"
"3073","Gubert et al. 2022","Richness","WT_Exercise","male",8,8,-0.19377624750347,0.00774593002323678,"lnRR","Gubert"
"3074","Gubert et al. 2022","Richness","WT_Exercise","male",8,8,-0.0698027770304852,0.00896967024831283,"lnRR","Gubert"
"3075","Ibrahim et al. 2019","Richness","AOM/DSS","female",4,3,-0.399582947129927,0.0169620851894883,"lnRR","Ibrahim"
"3076","Ibrahim et al. 2019","Richness","AOM/DSS","female",4,3,-0.140267626082881,0.0160505306535283,"lnRR","Ibrahim"
"3077","Ibrahim et al. 2019","Richness","AOM/DSS","male",4,7,-0.256414215783065,0.011439149249301,"lnRR","Ibrahim"
"3078","Ibrahim et al. 2019","Richness","AOM/DSS","male",4,7,-0.316248003218931,0.00296661135321358,"lnRR","Ibrahim"
"3079","Ibrahim et al. 2019","Richness","AOM/DSS-ERbKOVil","female",4,6,-0.309177795389438,0.00936537802741713,"lnRR","Ibrahim"
"3080","Ibrahim et al. 2019","Richness","AOM/DSS-ERbKOVil","female",4,6,-0.0498624743423929,0.00845382349145709,"lnRR","Ibrahim"
"3081","Ibrahim et al. 2019","Richness","AOM/DSS-ERbKOVil","male",4,7,-0.0857266181199,0.0096129493160392,"lnRR","Ibrahim"
"3082","Ibrahim et al. 2019","Richness","AOM/DSS-ERbKOVil","male",4,7,-0.145560405555767,0.0011404114199518,"lnRR","Ibrahim"
"3083","Kozik et al. 2019","Richness","Colitis-cecal","female",3,7,0.88151263848721,0.0515410966446841,"lnRR","Kozik"
"3084","Kozik et al. 2019","Richness","Colitis-cecal","female",3,7,0.197061927392109,0.123833817272655,"lnRR","Kozik"
"3085","Kozik et al. 2019","Richness","Colitis-cecal","female",3,7,-0.495205644397254,0.0188396485717491,"lnRR","Kozik"
"3086","Kozik et al. 2019","Richness","Colitis-cecal","female",3,7,-0.172328306469486,0.00835265569745909,"lnRR","Kozik"
"3087","Kozik et al. 2019","Richness","Colitis-cecal","male",2,7,0.785954391792627,0.00309351337646975,"lnRR","Kozik"
"3088","Kozik et al. 2019","Richness","Colitis-cecal","male",2,7,-0.496106248086661,0.00811671595900022,"lnRR","Kozik"
"3089","Kozik et al. 2019","Richness","Colitis-cecal","male",2,7,0.135004320449241,0.029471487114851,"lnRR","Kozik"
"3090","Kozik et al. 2019","Richness","Colitis-colonMucus","female",3,4,1.49017554815496,0.0584926609069155,"lnRR","Kozik"
"3091","Kozik et al. 2019","Richness","Colitis-colonMucus","female",3,4,0.805724837059863,0.130785381534886,"lnRR","Kozik"
"3092","Kozik et al. 2019","Richness","Colitis-colonMucus","female",3,4,0.1134572652705,0.0257912128339805,"lnRR","Kozik"
"3093","Kozik et al. 2019","Richness","Colitis-colonMucus","female",3,4,0.436334603198268,0.0153042199596905,"lnRR","Kozik"
"3094","Kozik et al. 2019","Richness","Colitis-colonMucus","male",2,5,1.42346522703119,0.00464814394637762,"lnRR","Kozik"
"3095","Kozik et al. 2019","Richness","Colitis-colonMucus","male",2,5,0.141404587151904,0.00967134652890809,"lnRR","Kozik"
"3096","Kozik et al. 2019","Richness","Colitis-colonMucus","male",2,5,0.772515155687805,0.0310261176847589,"lnRR","Kozik"
"3097","Kozik et al. 2019","Richness","Colitis-colonMucus_T0","male",2,1,NA,NA,"lnRR","Kozik"
"3098","Kozik et al. 2019","Richness","Colitis-colonMucus_T0","male",2,1,NA,NA,"lnRR","Kozik"
"3099","Kozik et al. 2019","Richness","Colitis-colonMucus_T0","male",2,1,NA,NA,"lnRR","Kozik"
"3100","Kozik et al. 2019","Richness","Colitis-fecal","female",3,7,0.989997572610148,0.055833799504933,"lnRR","Kozik"
"3101","Kozik et al. 2019","Richness","Colitis-fecal","female",3,7,0.305546861515046,0.128126520132903,"lnRR","Kozik"
"3102","Kozik et al. 2019","Richness","Colitis-fecal","female",3,7,-0.386720710274316,0.023132351431998,"lnRR","Kozik"
"3103","Kozik et al. 2019","Richness","Colitis-fecal","female",3,7,-0.0638433723465482,0.012645358557708,"lnRR","Kozik"
"3104","Kozik et al. 2019","Richness","Colitis-fecal","male",2,5,0.766791760234345,0.0195685571800583,"lnRR","Kozik"
"3105","Kozik et al. 2019","Richness","Colitis-fecal","male",2,5,-0.515268879644944,0.0245917597625888,"lnRR","Kozik"
"3106","Kozik et al. 2019","Richness","Colitis-fecal","male",2,5,0.115841688890958,0.0459465309184396,"lnRR","Kozik"
"3107","Kozik et al. 2019","Richness","Colitis-fecal_T0","female",3,7,0.6864033894532,0.0555558337401678,"lnRR","Kozik"
"3108","Kozik et al. 2019","Richness","Colitis-fecal_T0","female",3,7,0.00195267835809854,0.127848554368138,"lnRR","Kozik"
"3109","Kozik et al. 2019","Richness","Colitis-fecal_T0","female",3,7,-0.690314893431264,0.0228543856672327,"lnRR","Kozik"
"3110","Kozik et al. 2019","Richness","Colitis-fecal_T0","female",3,7,-0.367437555503496,0.0123673927929427,"lnRR","Kozik"
"3111","Kozik et al. 2019","Richness","Colitis-fecal_T0","male",2,7,0.524778393086732,0.0250434113775164,"lnRR","Kozik"
"3112","Kozik et al. 2019","Richness","Colitis-fecal_T0","male",2,7,-0.757282246792556,0.0300666139600469,"lnRR","Kozik"
"3113","Kozik et al. 2019","Richness","Colitis-fecal_T0","male",2,7,-0.126171678256654,0.0514213851158977,"lnRR","Kozik"
"3114","Li et al. 2020","Richness","Chow diet + STZ injection+ Distilled water ","female",NA,1,NA,NA,"lnRR","Li"
"3115","Li et al. 2020","Richness","Chow diet + STZ injection+ Distilled water ","male",NA,5,NA,NA,"lnRR","Li"
"3116","Li et al. 2020","Richness","HFD+ STZ injection + DNJ","female",NA,9,NA,NA,"lnRR","Li"
"3117","Li et al. 2020","Richness","HFD+ STZ injection + DNJ","male",NA,1,NA,NA,"lnRR","Li"
"3118","Li et al. 2020","Richness","HFD+ STZ injection+ Distilled water","female",NA,3,NA,NA,"lnRR","Li"
"3119","Lindheim et al. 2018","Richness","PRJNA445979","female",NA,93,NA,NA,"lnRR","Lindheim"
"3120","Lindheim et al. 2018","Richness","PRJNA445979","male",NA,76,NA,NA,"lnRR","Lindheim"
"3121","Lyte et al. 2022","Richness","beef-chow","female",19,19,-0.833397892163958,0.00540148099683344,"lnRR","Lyte"
"3122","Lyte et al. 2022","Richness","beef-chow","male",20,18,-0.724771027298374,0.00521736933064898,"lnRR","Lyte"
"3123","Lyte et al. 2022","Richness","beef-chow-stress","female",19,20,-0.114460612107544,0.00342527461901963,"lnRR","Lyte"
"3124","Lyte et al. 2022","Richness","beef-chow-stress","male",20,18,0.0417408392724659,0.00234120922511119,"lnRR","Lyte"
"3125","Lyte et al. 2022","Richness","chow-stress","female",19,20,-0.119371223149116,0.00317846980186294,"lnRR","Lyte"
"3126","Lyte et al. 2022","Richness","chow-stress","male",20,20,0.108434552884228,0.00237435983006004,"lnRR","Lyte"
"3127","Pizarro et al. 2021","Richness","Water-T0","female",8,NA,NA,NA,"lnRR","Pizarro"
"3128","Pizarro et al. 2021","Richness","Water-T0","male",10,NA,NA,NA,"lnRR","Pizarro"
"3129","Pizarro et al. 2021","Richness","EtOH-Syn-T1","female",NA,8,NA,NA,"lnRR","Pizarro"
"3130","Pizarro et al. 2021","Richness","EtOH-Syn-T1","male",NA,10,NA,NA,"lnRR","Pizarro"
"3131","Pizarro et al. 2021","Richness","EtOH-T1","female",NA,8,NA,NA,"lnRR","Pizarro"
"3132","Pizarro et al. 2021","Richness","EtOH-T1","male",NA,10,NA,NA,"lnRR","Pizarro"
"3133","Pizarro et al. 2021","Richness","Symbiotic-T0","female",NA,8,NA,NA,"lnRR","Pizarro"
"3134","Pizarro et al. 2021","Richness","Symbiotic-T0","male",NA,10,NA,NA,"lnRR","Pizarro"
"3135","Ramakrishna et al. 2020","Richness","ACV+IVIG-injected","female",3,4,-0.113912092960832,0.0302302296336918,"lnRR","Ramakrishna"
"3136","Ramakrishna et al. 2020","Richness","ACV+IVIG-injected","male",2,1,NA,NA,"lnRR","Ramakrishna"
"3137","Ramakrishna et al. 2020","Richness","ACV-injected","female",3,2,-0.0404481654071984,0.0289150233119234,"lnRR","Ramakrishna"
"3138","Ramakrishna et al. 2020","Richness","ACV-injected","male",2,3,-0.512307105247472,0.0785229080932785,"lnRR","Ramakrishna"
"3139","Ramakrishna et al. 2020","Richness","HSV1-infected","female",3,5,-0.0124505058756242,0.028561578350846,"lnRR","Ramakrishna"
"3140","Ramakrishna et al. 2020","Richness","HSV1-infected","male",2,4,-0.447824336210797,0.0467346661531459,"lnRR","Ramakrishna"
"3141","Ramakrishna et al. 2020","Richness","HSV1-infected; ACV+IVIG-injected","female",3,3,-0.0944424112092834,0.0183486134826856,"lnRR","Ramakrishna"
"3142","Ramakrishna et al. 2020","Richness","HSV1-infected; ACV+IVIG-injected","male",2,2,-0.24314355131421,0.0408,"lnRR","Ramakrishna"
"3143","Ramakrishna et al. 2020","Richness","HSV1-infected; ACV-injected","female",3,1,NA,NA,"lnRR","Ramakrishna"
"3144","Ramakrishna et al. 2020","Richness","HSV1-infected; ACV-injected","male",2,1,NA,NA,"lnRR","Ramakrishna"
"3145","Ramakrishna et al. 2020","Richness","HSV1-infected; IVIG-injected","female",3,1,NA,NA,"lnRR","Ramakrishna"
"3146","Ramakrishna et al. 2020","Richness","HSV1-infected; IVIG-injected","male",2,3,-0.420465108108164,0.05085,"lnRR","Ramakrishna"
"3147","Ramakrishna et al. 2020","Richness","IVIG-injected","female",3,5,-0.128545655729539,0.0320107716858106,"lnRR","Ramakrishna"
"3148","Ramakrishna et al. 2020","Richness","IVIG-injected","male",2,5,-0.403067325102642,0.0460037810849966,"lnRR","Ramakrishna"
"3149","Son et al. 2019","Richness","IL-10 Knockout ","female",8,8,-0.303359530993142,0.0148899604962708,"lnRR","Son"
"3150","Son et al. 2019","Richness","IL-10 Knockout ","male",8,8,-0.560010975780926,0.0169502754801798,"lnRR","Son"
"3151","Song et al. 2020","Richness","AOM/DSS","male",5,12,0.833922666841484,0.00597330509212301,"lnRR","Song"
"3152","Song et al. 2020","Richness","AOM/DSS E2-supplemented","male",5,12,0.88166632501172,0.00808949331877962,"lnRR","Song"
"3153","Song et al. 2020","Richness","E2-supplemented","male",5,12,0.546976963017083,0.00930734086792581,"lnRR","Song"
"3154","Song et al. 2020","Richness","ovariectomized ","female",11,7,0.480339277837433,0.00505260788967316,"lnRR","Song"
"3155","Song et al. 2021","Richness","AOM/DSS","female",8,8,0.179601202284201,0.0331330745269612,"lnRR","Song"
"3156","Song et al. 2021","Richness","AOM/DSS","male",8,8,0.037523905075246,0.00725187540062931,"lnRR","Song"
"3157","Song et al. 2021","Richness","AOM/DSS-Nrf2KO","female",8,8,0.19931625372854,0.0236265624823068,"lnRR","Song"
"3158","Song et al. 2021","Richness","AOM/DSS-Nrf2KO","male",8,8,-0.127234764691193,0.00538359259212255,"lnRR","Song"
"3159","Song et al. 2021","Richness","Nrf2KO","female",8,8,0.0805861284847964,0.0266769170969527,"lnRR","Song"
"3160","Song et al. 2021","Richness","Nrf2KO","male",8,8,-0.127519922682355,0.00691236000234628,"lnRR","Song"
"3161","Song et al. 2022","Richness","AOM/DSS","female",4,7,0.217374116520149,0.00920532017151454,"lnRR","Song"
"3162","Song et al. 2022","Richness","AOM/DSS","male",4,10,-0.196676453665334,0.00323598046690043,"lnRR","Song"
"3163","Song et al. 2022","Richness","AOM/DSS_ steroid-injected","female",4,4,0.119207101089345,0.00854221896649604,"lnRR","Song"
"3164","Song et al. 2022","Richness","AOM/DSS_ steroid-injected","male",4,8,-0.312701739770534,0.00258868564275186,"lnRR","Song"
"3165","Song et al. 2022","Richness","orchiectomized","male",4,4,-0.207974992888967,0.00384457908121149,"lnRR","Song"
"3166","Song et al. 2022","Richness","orchiectomized_ AOM/DSS","male",4,10,-0.0564333460353512,0.00372635262884052,"lnRR","Song"
"3167","Song et al. 2022","Richness","orchiectomized_ AOM/DSS_ steroid-injected","male",4,6,-0.468183937016916,0.0179438716211848,"lnRR","Song"
"3168","Sun et al. 2020","Richness","High fat","female",8,7,-0.128541193825493,0.00293815239211619,"lnRR","Sun"
"3169","Sun et al. 2020","Richness","High fat","male",8,8,-0.171813812871531,0.00712958277811727,"lnRR","Sun"
"3170","Sun et al. 2020","Richness","Pomctm1/tm1","female",8,8,0.0817085638980314,0.00364788729816807,"lnRR","Sun"
"3171","Sun et al. 2020","Richness","Pomctm1/tm1","male",8,8,0.0285032794412933,0.00763358648575152,"lnRR","Sun"
"3172","Sun et al. 2020","Richness","Pomctm1/tm1, High fat","female",8,7,-0.0596783225360057,0.00387707971165106,"lnRR","Sun"
"3173","Sun et al. 2020","Richness","Pomctm1/tm1, High fat","male",8,8,-0.163928578180369,0.0115431481965414,"lnRR","Sun"
"3174","Tam et al. 2020","Richness","""Smoke exposed, ovariectomy""_cecal","female",10,8,-0.0396163196934102,0.00290637653786158,"lnRR","Tam"
"3175","Tam et al. 2020","Richness","Smoke exposed_cecal","female",10,10,-0.0627273756234015,0.00228185343800157,"lnRR","Tam"
"3176","Tam et al. 2020","Richness","Smoke exposed_cecal","male",10,10,-0.116022794733747,0.00472109686495278,"lnRR","Tam"
"3177","Tam et al. 2020","Richness","ovariectomy_cecal","female",10,10,0.000150930135726124,0.00278475853160788,"lnRR","Tam"
"3178","Tashiro et al. 2020","Richness","Cellulose","female",8,8,0.200228264405104,0.0032123967233779,"lnRR","Tashiro"
"3179","Tashiro et al. 2020","Richness","Cellulose","male",8,8,0.0849577392664499,0.00146123967870597,"lnRR","Tashiro"
"3180","Tashiro et al. 2020","Richness","Fiberfree","female",8,8,-0.0731594265909884,0.00354995291381606,"lnRR","Tashiro"
"3181","Tashiro et al. 2020","Richness","Fiberfree","male",8,8,-0.26613080898805,0.00224748225435479,"lnRR","Tashiro"
"3182","Tashiro et al. 2020","Richness","Pectin","female",8,8,-0.135898820644126,0.0219014778218908,"lnRR","Tashiro"
"3183","Tashiro et al. 2020","Richness","Pectin","male",8,8,-0.929280697370299,0.00893661529029998,"lnRR","Tashiro"
"3184","Velasco et al. 2021","Richness","C57BL/6J","female",4,NA,NA,NA,"lnRR","Velasco"
"3185","Velasco et al. 2021","Richness","C57BL/6J","male",4,NA,NA,NA,"lnRR","Velasco"
"3186","Velasco et al. 2021","Richness","MRL/MpJ","female",NA,4,NA,NA,"lnRR","Velasco"
"3187","Velasco et al. 2021","Richness","MRL/MpJ","male",NA,4,NA,NA,"lnRR","Velasco"
"3188","Weng et al. 2019","Richness","APOE2_APP transgene +","female",NA,11,NA,NA,"lnRR","Weng"
"3189","Weng et al. 2019","Richness","APOE2_APP transgene +","male",NA,6,NA,NA,"lnRR","Weng"
"3190","Weng et al. 2019","Richness","APOE2_APP transgene -","female",NA,18,NA,NA,"lnRR","Weng"
"3191","Weng et al. 2019","Richness","APOE2_APP transgene -","male",NA,16,NA,NA,"lnRR","Weng"
"3192","Weng et al. 2019","Richness","APOE3_APP transgene +","female",NA,21,NA,NA,"lnRR","Weng"
"3193","Weng et al. 2019","Richness","APOE3_APP transgene +","male",NA,13,NA,NA,"lnRR","Weng"
"3194","Weng et al. 2019","Richness","APOE3_APP transgene -","female",NA,15,NA,NA,"lnRR","Weng"
"3195","Weng et al. 2019","Richness","APOE3_APP transgene -","male",NA,20,NA,NA,"lnRR","Weng"
"3196","Weng et al. 2019","Richness","APOE4_APP transgene +","female",NA,24,NA,NA,"lnRR","Weng"
"3197","Weng et al. 2019","Richness","APOE4_APP transgene +","male",NA,19,NA,NA,"lnRR","Weng"
"3198","Weng et al. 2019","Richness","APOE4_APP transgene -","female",NA,24,NA,NA,"lnRR","Weng"
"3199","Weng et al. 2019","Richness","APOE4_APP transgene -","male",NA,32,NA,NA,"lnRR","Weng"
"3200","Wolfe et al. 2020","Richness","Smad3-/-_CRC_SFB+_cecal","female",NA,7,NA,NA,"lnRR","Wolfe"
"3201","Wolfe et al. 2020","Richness","Smad3-/-_CRC_SFB+_cecal","male",NA,1,NA,NA,"lnRR","Wolfe"
"3202","Wolfe et al. 2020","Richness","Smad3-/-_CRC_SFB+_fecal","female",NA,68,NA,NA,"lnRR","Wolfe"
"3203","Wolfe et al. 2020","Richness","Smad3-/-_CRC_SFB+_fecal","male",NA,10,NA,NA,"lnRR","Wolfe"
"3204","Wolfe et al. 2020","Richness","Smad3-/-_CRC_SFB-_cecal","female",NA,7,NA,NA,"lnRR","Wolfe"
"3205","Wolfe et al. 2020","Richness","Smad3-/-_CRC_SFB-_cecal","male",NA,2,NA,NA,"lnRR","Wolfe"
"3206","Wolfe et al. 2020","Richness","Smad3-/-_CRC_SFB-_fecal","female",NA,83,NA,NA,"lnRR","Wolfe"
"3207","Wolfe et al. 2020","Richness","Smad3-/-_CRC_SFB-_fecal","male",NA,34,NA,NA,"lnRR","Wolfe"
"3208","Wolfe et al. 2020","Richness","Smad3-/-_healthy_SFB+_cecal","female",NA,5,NA,NA,"lnRR","Wolfe"
"3209","Wolfe et al. 2020","Richness","Smad3-/-_healthy_SFB+_cecal","male",NA,15,NA,NA,"lnRR","Wolfe"
"3210","Wolfe et al. 2020","Richness","Smad3-/-_healthy_SFB+_fecal","female",NA,49,NA,NA,"lnRR","Wolfe"
"3211","Wolfe et al. 2020","Richness","Smad3-/-_healthy_SFB+_fecal","male",NA,156,NA,NA,"lnRR","Wolfe"
"3212","Wolfe et al. 2020","Richness","Smad3-/-_healthy_SFB-_cecal","female",NA,10,NA,NA,"lnRR","Wolfe"
"3213","Wolfe et al. 2020","Richness","Smad3-/-_healthy_SFB-_cecal","male",NA,15,NA,NA,"lnRR","Wolfe"
"3214","Wolfe et al. 2020","Richness","Smad3-/-_healthy_SFB-_fecal","female",NA,135,NA,NA,"lnRR","Wolfe"
"3215","Wolfe et al. 2020","Richness","Smad3-/-_healthy_SFB-_fecal","male",NA,158,NA,NA,"lnRR","Wolfe"
"3216","Zajac et al. 2022","Richness","APOE2/E2_cecal","female",NA,6,NA,NA,"lnRR","Zajac"
"3217","Zajac et al. 2022","Richness","APOE2/E2_cecal","male",NA,5,NA,NA,"lnRR","Zajac"
"3218","Zajac et al. 2022","Richness","APOE2/E2_fecal","female",NA,21,NA,NA,"lnRR","Zajac"
"3219","Zajac et al. 2022","Richness","APOE2/E2_fecal","male",NA,15,NA,NA,"lnRR","Zajac"
"3220","Zajac et al. 2022","Richness","APOE2/E2_small bowel","female",NA,3,NA,NA,"lnRR","Zajac"
"3221","Zajac et al. 2022","Richness","APOE2/E2_small bowel","male",NA,2,NA,NA,"lnRR","Zajac"
"3222","Zajac et al. 2022","Richness","APOE2/E3_cecal","female",NA,10,NA,NA,"lnRR","Zajac"
"3223","Zajac et al. 2022","Richness","APOE2/E3_cecal","male",NA,7,NA,NA,"lnRR","Zajac"
"3224","Zajac et al. 2022","Richness","APOE2/E3_fecal","female",NA,36,NA,NA,"lnRR","Zajac"
"3225","Zajac et al. 2022","Richness","APOE2/E3_fecal","male",NA,21,NA,NA,"lnRR","Zajac"
"3226","Zajac et al. 2022","Richness","APOE2/E3_small bowel","male",NA,1,NA,NA,"lnRR","Zajac"
"3227","Zajac et al. 2022","Richness","APOE2_fecal","female",NA,7,NA,NA,"lnRR","Zajac"
"3228","Zajac et al. 2022","Richness","APOE2_fecal","male",NA,8,NA,NA,"lnRR","Zajac"
"3229","Zajac et al. 2022","Richness","APOE3/E3_cecal","female",NA,5,NA,NA,"lnRR","Zajac"
"3230","Zajac et al. 2022","Richness","APOE3/E3_cecal","male",NA,13,NA,NA,"lnRR","Zajac"
"3231","Zajac et al. 2022","Richness","APOE3/E3_fecal","female",NA,15,NA,NA,"lnRR","Zajac"
"3232","Zajac et al. 2022","Richness","APOE3/E3_fecal","male",NA,41,NA,NA,"lnRR","Zajac"
"3233","Zajac et al. 2022","Richness","APOE3/E3_small bowel","female",NA,2,NA,NA,"lnRR","Zajac"
"3234","Zajac et al. 2022","Richness","APOE3/E3_small bowel","male",NA,4,NA,NA,"lnRR","Zajac"
"3235","Zajac et al. 2022","Richness","APOE3/E4_cecal","female",NA,8,NA,NA,"lnRR","Zajac"
"3236","Zajac et al. 2022","Richness","APOE3/E4_cecal","male",NA,10,NA,NA,"lnRR","Zajac"
"3237","Zajac et al. 2022","Richness","APOE3/E4_fecal","female",NA,23,NA,NA,"lnRR","Zajac"
"3238","Zajac et al. 2022","Richness","APOE3/E4_fecal","male",NA,32,NA,NA,"lnRR","Zajac"
"3239","Zajac et al. 2022","Richness","APOE3/E4_small bowel","female",NA,1,NA,NA,"lnRR","Zajac"
"3240","Zajac et al. 2022","Richness","APOE3_fecal","female",NA,7,NA,NA,"lnRR","Zajac"
"3241","Zajac et al. 2022","Richness","APOE3_fecal","male",NA,6,NA,NA,"lnRR","Zajac"
"3242","Zajac et al. 2022","Richness","APOE4/E4_cecal","female",NA,4,NA,NA,"lnRR","Zajac"
"3243","Zajac et al. 2022","Richness","APOE4/E4_cecal","male",NA,5,NA,NA,"lnRR","Zajac"
"3244","Zajac et al. 2022","Richness","APOE4/E4_fecal","female",NA,19,NA,NA,"lnRR","Zajac"
"3245","Zajac et al. 2022","Richness","APOE4/E4_fecal","male",NA,15,NA,NA,"lnRR","Zajac"
"3246","Zajac et al. 2022","Richness","APOE4/E4_small bowel","female",NA,3,NA,NA,"lnRR","Zajac"
"3247","Zajac et al. 2022","Richness","APOE4/E4_small bowel","male",NA,3,NA,NA,"lnRR","Zajac"
"3248","Zajac et al. 2022","Richness","APOE4_fecal","female",NA,7,NA,NA,"lnRR","Zajac"
"3249","Zajac et al. 2022","Richness","APOE4_fecal","male",NA,7,NA,NA,"lnRR","Zajac"
"3250","Zou et al. 2021","Richness","Glrx1 KO + High fat chow","female",4,4,-0.235191588381617,0.0065599981082913,"lnRR","Zou"
"3251","Zou et al. 2021","Richness","Glrx1 KO + High fat chow","male",4,4,-0.113699280339622,0.00184965596992062,"lnRR","Zou"
"3252","Zou et al. 2021","Richness","Glrx1 KO + Standard chow","female",4,3,-0.0702672003721684,0.00555591432827701,"lnRR","Zou"
"3253","Zou et al. 2021","Richness","Glrx1 KO + Standard chow","male",4,2,0.0181395272545968,0.000938178644487207,"lnRR","Zou"
"3254","Zou et al. 2021","Richness","High fat chow","female",4,5,-0.282992738456748,0.00687330220163006,"lnRR","Zou"
"3255","Zou et al. 2021","Richness","High fat chow","male",4,5,-0.0650688252463881,0.00143564632996802,"lnRR","Zou"
"3256","Cheema & Pluznick 2019","Faith's PD","Ang II infusion","female",3,3,-0.0108243572172374,0.00981738476504132,"lnRR","Cheema"
"3257","Cheema & Pluznick 2019","Faith's PD","Ang II infusion","male",3,3,-0.149983885145425,0.0143732647348006,"lnRR","Cheema"
"3258","Ellis et al. 2021","Faith's PD","13C11MK4_cecal","female",7,7,0.0630772526848417,0.000632417246144047,"lnRR","Ellis"
"3259","Ellis et al. 2021","Faith's PD","13C11MK4_cecal","male",7,7,-0.050921950781939,0.00622006926021778,"lnRR","Ellis"
"3260","Ellis et al. 2021","Faith's PD","2H7MK7_cecal","female",7,7,0.0201634541637556,0.000515293159628175,"lnRR","Ellis"
"3261","Ellis et al. 2021","Faith's PD","2H7MK7_cecal","male",7,7,-0.0560075444802997,0.00677097241280226,"lnRR","Ellis"
"3262","Ellis et al. 2021","Faith's PD","2H7MK9_cecal","female",7,7,0.0815209696172776,0.00106523212882264,"lnRR","Ellis"
"3263","Ellis et al. 2021","Faith's PD","2H7MK9_cecal","male",7,7,-0.0413834051941214,0.00641004660824815,"lnRR","Ellis"
"3264","Ellis et al. 2021","Faith's PD","2H7PK_cecal","female",7,7,0.0853743725974538,0.00117327231182991,"lnRR","Ellis"
"3265","Ellis et al. 2021","Faith's PD","2H7PK_cecal","male",7,7,-0.00821473800633525,0.00752150640752436,"lnRR","Ellis"
"3266","Ellis et al. 2021","Faith's PD","Combo_cecal","female",7,9,0.158987918737821,0.00158824674177964,"lnRR","Ellis"
"3267","Ellis et al. 2021","Faith's PD","Combo_cecal","male",7,10,0.131213653741193,0.00626242793953356,"lnRR","Ellis"
"3268","Ellis et al. 2021","Faith's PD","MK4_cecal","female",7,10,0.110256954861174,0.00113153130164272,"lnRR","Ellis"
"3269","Ellis et al. 2021","Faith's PD","MK4_cecal","male",7,10,0.0958106989891964,0.00667213271182796,"lnRR","Ellis"
"3270","Ellis et al. 2021","Faith's PD","MK9_cecal","female",7,9,0.0710444919138807,0.00157542585261982,"lnRR","Ellis"
"3271","Ellis et al. 2021","Faith's PD","MK9_cecal","male",7,9,0.0511169772750832,0.0073538324826757,"lnRR","Ellis"
"3272","Ellis et al. 2021","Faith's PD","PK_cecal","female",7,9,0.156236357849483,0.000832820429496113,"lnRR","Ellis"
"3273","Ellis et al. 2021","Faith's PD","PK_cecal","male",7,10,-0.0408329285907209,0.0101496340449246,"lnRR","Ellis"
"3274","Ellis et al. 2021","Faith's PD","VKdef_cecal","female",7,9,0.145429506084765,0.00174816465670316,"lnRR","Ellis"
"3275","Ellis et al. 2021","Faith's PD","VKdef_cecal","male",7,8,0.167595565487768,0.00766667148540895,"lnRR","Ellis"
"3276","Gubert et al. 2022","Faith's PD","R6/1_Enviromental enrichment ","female",8,7,0.0085949840243391,0.00646878551602558,"lnRR","Gubert"
"3277","Gubert et al. 2022","Faith's PD","R6/1_Enviromental enrichment ","female",8,7,0.158680366329428,0.00790119342532455,"lnRR","Gubert"
"3278","Gubert et al. 2022","Faith's PD","R6/1_Enviromental enrichment ","male",8,8,-0.0947935059491693,0.00334683754908892,"lnRR","Gubert"
"3279","Gubert et al. 2022","Faith's PD","R6/1_Enviromental enrichment ","male",8,8,-0.0116250928646393,0.00607830261540709,"lnRR","Gubert"
"3280","Gubert et al. 2022","Faith's PD","R6/1_Exercise","female",8,8,-0.0666417668746417,0.00790696338070318,"lnRR","Gubert"
"3281","Gubert et al. 2022","Faith's PD","R6/1_Exercise","female",8,8,0.0834436154304473,0.00933937129000214,"lnRR","Gubert"
"3282","Gubert et al. 2022","Faith's PD","R6/1_Exercise","male",8,8,0.0131954522231542,0.00235067677130089,"lnRR","Gubert"
"3283","Gubert et al. 2022","Faith's PD","R6/1_Exercise","male",8,8,0.0963638653076841,0.00508214183761905,"lnRR","Gubert"
"3284","Gubert et al. 2022","Faith's PD","WT_Enviromental enrichment ","female",8,8,-0.0717501779717868,0.00748750812019449,"lnRR","Gubert"
"3285","Gubert et al. 2022","Faith's PD","WT_Enviromental enrichment ","female",8,8,0.0783352043333022,0.00891991602949345,"lnRR","Gubert"
"3286","Gubert et al. 2022","Faith's PD","WT_Enviromental enrichment ","male",8,8,-0.16629834386375,0.00343607122434086,"lnRR","Gubert"
"3287","Gubert et al. 2022","Faith's PD","WT_Enviromental enrichment ","male",8,8,-0.0831299307792201,0.00616753629065903,"lnRR","Gubert"
"3288","Gubert et al. 2022","Faith's PD","WT_Exercise","female",8,8,-0.140917959802157,0.00862133456163647,"lnRR","Gubert"
"3289","Gubert et al. 2022","Faith's PD","WT_Exercise","female",8,8,0.00916742250293178,0.0100537424709354,"lnRR","Gubert"
"3290","Gubert et al. 2022","Faith's PD","WT_Exercise","male",8,8,-0.156721942864595,0.00239338111956879,"lnRR","Gubert"
"3291","Gubert et al. 2022","Faith's PD","WT_Exercise","male",8,8,-0.0735535297800654,0.00512484618588695,"lnRR","Gubert"
"3292","Ibrahim et al. 2019","Faith's PD","AOM/DSS","female",4,3,-0.222391346641103,0.00717757442042017,"lnRR","Ibrahim"
"3293","Ibrahim et al. 2019","Faith's PD","AOM/DSS","female",4,3,-0.111469674014542,0.00514260261354715,"lnRR","Ibrahim"
"3294","Ibrahim et al. 2019","Faith's PD","AOM/DSS","male",4,7,-0.144463240594254,0.00687467740999247,"lnRR","Ibrahim"
"3295","Ibrahim et al. 2019","Faith's PD","AOM/DSS","male",4,7,-0.150032606107034,0.00828436892693323,"lnRR","Ibrahim"
"3296","Ibrahim et al. 2019","Faith's PD","AOM/DSS-ERbKOVil","female",4,6,-0.15808452622425,0.0086851339577259,"lnRR","Ibrahim"
"3297","Ibrahim et al. 2019","Faith's PD","AOM/DSS-ERbKOVil","female",4,6,-0.0471628535976884,0.00665016215085287,"lnRR","Ibrahim"
"3298","Ibrahim et al. 2019","Faith's PD","AOM/DSS-ERbKOVil","male",4,7,-0.0928559618711072,0.00304953174709862,"lnRR","Ibrahim"
"3299","Ibrahim et al. 2019","Faith's PD","AOM/DSS-ERbKOVil","male",4,7,-0.0984253273838872,0.00445922326403938,"lnRR","Ibrahim"
"3300","Kozik et al. 2019","Faith's PD","Colitis-cecal","female",3,7,0.743833922452574,0.0363907131998112,"lnRR","Kozik"
"3301","Kozik et al. 2019","Faith's PD","Colitis-cecal","female",3,7,0.297949667506596,0.0478045304660847,"lnRR","Kozik"
"3302","Kozik et al. 2019","Faith's PD","Colitis-cecal","female",3,7,-0.245764302360419,0.00470341392038003,"lnRR","Kozik"
"3303","Kozik et al. 2019","Faith's PD","Colitis-cecal","female",3,7,-0.0300781144863037,0.0139996832975195,"lnRR","Kozik"
"3304","Kozik et al. 2019","Faith's PD","Colitis-cecal","male",2,7,0.414818273923251,0.00437774283009916,"lnRR","Kozik"
"3305","Kozik et al. 2019","Faith's PD","Colitis-cecal","male",2,7,-0.345538831759809,0.00229548163223261,"lnRR","Kozik"
"3306","Kozik et al. 2019","Faith's PD","Colitis-cecal","male",2,7,-0.0400752642788334,0.00248637370097471,"lnRR","Kozik"
"3307","Kozik et al. 2019","Faith's PD","Colitis-colonMucus","female",3,4,1.08227216023502,0.042007091073646,"lnRR","Kozik"
"3308","Kozik et al. 2019","Faith's PD","Colitis-colonMucus","female",3,4,0.636387905289043,0.0534209083399195,"lnRR","Kozik"
"3309","Kozik et al. 2019","Faith's PD","Colitis-colonMucus","female",3,4,0.092673935422028,0.0103197917942148,"lnRR","Kozik"
"3310","Kozik et al. 2019","Faith's PD","Colitis-colonMucus","female",3,4,0.308360123296143,0.0196160611713543,"lnRR","Kozik"
"3311","Kozik et al. 2019","Faith's PD","Colitis-colonMucus","male",2,5,0.811658401423883,0.00502739987944867,"lnRR","Kozik"
"3312","Kozik et al. 2019","Faith's PD","Colitis-colonMucus","male",2,5,0.0513012957408227,0.00294513868158213,"lnRR","Kozik"
"3313","Kozik et al. 2019","Faith's PD","Colitis-colonMucus","male",2,5,0.356764863221798,0.00313603075032423,"lnRR","Kozik"
"3314","Kozik et al. 2019","Faith's PD","Colitis-colonMucus_T0","male",2,1,NA,NA,"lnRR","Kozik"
"3315","Kozik et al. 2019","Faith's PD","Colitis-colonMucus_T0","male",2,1,NA,NA,"lnRR","Kozik"
"3316","Kozik et al. 2019","Faith's PD","Colitis-colonMucus_T0","male",2,1,NA,NA,"lnRR","Kozik"
"3317","Kozik et al. 2019","Faith's PD","Colitis-fecal","female",3,7,0.698605776711569,0.0397618668750424,"lnRR","Kozik"
"3318","Kozik et al. 2019","Faith's PD","Colitis-fecal","female",3,7,0.252721521765591,0.0511756841413159,"lnRR","Kozik"
"3319","Kozik et al. 2019","Faith's PD","Colitis-fecal","female",3,7,-0.290992448101424,0.00807456759561126,"lnRR","Kozik"
"3320","Kozik et al. 2019","Faith's PD","Colitis-fecal","female",3,7,-0.0753062602273088,0.0173708369727507,"lnRR","Kozik"
"3321","Kozik et al. 2019","Faith's PD","Colitis-fecal","male",2,5,0.404739350099961,0.00861984835610857,"lnRR","Kozik"
"3322","Kozik et al. 2019","Faith's PD","Colitis-fecal","male",2,5,-0.355617755583099,0.00653758715824203,"lnRR","Kozik"
"3323","Kozik et al. 2019","Faith's PD","Colitis-fecal","male",2,5,-0.0501541881021236,0.00672847922698412,"lnRR","Kozik"
"3324","Kozik et al. 2019","Faith's PD","Colitis-fecal_T0","female",3,7,0.558128665388181,0.0336874926064254,"lnRR","Kozik"
"3325","Kozik et al. 2019","Faith's PD","Colitis-fecal_T0","female",3,7,0.112244410442203,0.0451013098726988,"lnRR","Kozik"
"3326","Kozik et al. 2019","Faith's PD","Colitis-fecal_T0","female",3,7,-0.431469559424812,0.0020001933269942,"lnRR","Kozik"
"3327","Kozik et al. 2019","Faith's PD","Colitis-fecal_T0","female",3,7,-0.215783371550697,0.0112964627041337,"lnRR","Kozik"
"3328","Kozik et al. 2019","Faith's PD","Colitis-fecal_T0","male",2,7,0.260352004583482,0.00917170881492722,"lnRR","Kozik"
"3329","Kozik et al. 2019","Faith's PD","Colitis-fecal_T0","male",2,7,-0.500005101099579,0.00708944761706068,"lnRR","Kozik"
"3330","Kozik et al. 2019","Faith's PD","Colitis-fecal_T0","male",2,7,-0.194541533618603,0.00728033968580278,"lnRR","Kozik"
"3331","Li et al. 2020","Faith's PD","Chow diet + STZ injection+ Distilled water ","female",NA,1,NA,NA,"lnRR","Li"
"3332","Li et al. 2020","Faith's PD","Chow diet + STZ injection+ Distilled water ","male",NA,5,NA,NA,"lnRR","Li"
"3333","Li et al. 2020","Faith's PD","HFD+ STZ injection + DNJ","female",NA,9,NA,NA,"lnRR","Li"
"3334","Li et al. 2020","Faith's PD","HFD+ STZ injection + DNJ","male",NA,1,NA,NA,"lnRR","Li"
"3335","Li et al. 2020","Faith's PD","HFD+ STZ injection+ Distilled water","female",NA,3,NA,NA,"lnRR","Li"
"3336","Lindheim et al. 2018","Faith's PD","PRJNA445979","female",NA,93,NA,NA,"lnRR","Lindheim"
"3337","Lindheim et al. 2018","Faith's PD","PRJNA445979","male",NA,76,NA,NA,"lnRR","Lindheim"
"3338","Lyte et al. 2022","Faith's PD","beef-chow","female",19,19,-0.615199192217644,0.00236906046499095,"lnRR","Lyte"
"3339","Lyte et al. 2022","Faith's PD","beef-chow","male",20,18,-0.516755150317382,0.00197263427963088,"lnRR","Lyte"
"3340","Lyte et al. 2022","Faith's PD","beef-chow-stress","female",19,20,-0.0975434790257223,0.00169889173818182,"lnRR","Lyte"
"3341","Lyte et al. 2022","Faith's PD","beef-chow-stress","male",20,18,0.0120419806727257,0.000932833926550589,"lnRR","Lyte"
"3342","Lyte et al. 2022","Faith's PD","chow-stress","female",19,20,-0.0567091237802331,0.00174761610041665,"lnRR","Lyte"
"3343","Lyte et al. 2022","Faith's PD","chow-stress","male",20,20,0.0419314289882802,0.00131364512172685,"lnRR","Lyte"
"3344","Pizarro et al. 2021","Faith's PD","Water-T0","female",8,NA,NA,NA,"lnRR","Pizarro"
"3345","Pizarro et al. 2021","Faith's PD","Water-T0","male",10,NA,NA,NA,"lnRR","Pizarro"
"3346","Pizarro et al. 2021","Faith's PD","EtOH-Syn-T1","female",NA,8,NA,NA,"lnRR","Pizarro"
"3347","Pizarro et al. 2021","Faith's PD","EtOH-Syn-T1","male",NA,10,NA,NA,"lnRR","Pizarro"
"3348","Pizarro et al. 2021","Faith's PD","EtOH-T1","female",NA,8,NA,NA,"lnRR","Pizarro"
"3349","Pizarro et al. 2021","Faith's PD","EtOH-T1","male",NA,10,NA,NA,"lnRR","Pizarro"
"3350","Pizarro et al. 2021","Faith's PD","Symbiotic-T0","female",NA,8,NA,NA,"lnRR","Pizarro"
"3351","Pizarro et al. 2021","Faith's PD","Symbiotic-T0","male",NA,10,NA,NA,"lnRR","Pizarro"
"3352","Ramakrishna et al. 2020","Faith's PD","ACV+IVIG-injected","female",3,4,NA,NA,"lnRR","Ramakrishna"
"3353","Ramakrishna et al. 2020","Faith's PD","ACV+IVIG-injected","male",2,1,NA,NA,"lnRR","Ramakrishna"
"3354","Ramakrishna et al. 2020","Faith's PD","ACV-injected","female",3,2,NA,NA,"lnRR","Ramakrishna"
"3355","Ramakrishna et al. 2020","Faith's PD","ACV-injected","male",2,3,NA,NA,"lnRR","Ramakrishna"
"3356","Ramakrishna et al. 2020","Faith's PD","HSV1-infected","female",3,5,NA,NA,"lnRR","Ramakrishna"
"3357","Ramakrishna et al. 2020","Faith's PD","HSV1-infected","male",2,4,NA,NA,"lnRR","Ramakrishna"
"3358","Ramakrishna et al. 2020","Faith's PD","HSV1-infected; ACV+IVIG-injected","female",3,3,NA,NA,"lnRR","Ramakrishna"
"3359","Ramakrishna et al. 2020","Faith's PD","HSV1-infected; ACV+IVIG-injected","male",2,2,NA,NA,"lnRR","Ramakrishna"
"3360","Ramakrishna et al. 2020","Faith's PD","HSV1-infected; ACV-injected","female",3,1,NA,NA,"lnRR","Ramakrishna"
"3361","Ramakrishna et al. 2020","Faith's PD","HSV1-infected; ACV-injected","male",2,1,NA,NA,"lnRR","Ramakrishna"
"3362","Ramakrishna et al. 2020","Faith's PD","HSV1-infected; IVIG-injected","female",3,1,NA,NA,"lnRR","Ramakrishna"
"3363","Ramakrishna et al. 2020","Faith's PD","HSV1-infected; IVIG-injected","male",2,3,-0.0884943088699893,0.00960294749259724,"lnRR","Ramakrishna"
"3364","Ramakrishna et al. 2020","Faith's PD","IVIG-injected","female",3,5,NA,NA,"lnRR","Ramakrishna"
"3365","Ramakrishna et al. 2020","Faith's PD","IVIG-injected","male",2,5,NA,NA,"lnRR","Ramakrishna"
"3366","Son et al. 2019","Faith's PD","IL-10 Knockout ","female",8,8,-0.0806357545580096,0.0088370737395642,"lnRR","Son"
"3367","Son et al. 2019","Faith's PD","IL-10 Knockout ","male",8,8,-0.31035852878981,0.00580547603249754,"lnRR","Son"
"3368","Song et al. 2020","Faith's PD","AOM/DSS","male",5,12,0.493785575001062,0.00171963365970511,"lnRR","Song"
"3369","Song et al. 2020","Faith's PD","AOM/DSS E2-supplemented","male",5,12,0.516149111227487,0.00301935084595799,"lnRR","Song"
"3370","Song et al. 2020","Faith's PD","E2-supplemented","male",5,12,0.239105537673491,0.00343121405199961,"lnRR","Song"
"3371","Song et al. 2020","Faith's PD","ovariectomized ","female",11,7,0.295496920319772,0.00290009246870797,"lnRR","Song"
"3372","Song et al. 2021","Faith's PD","AOM/DSS","female",8,8,0.203852505986493,0.0126347015158815,"lnRR","Song"
"3373","Song et al. 2021","Faith's PD","AOM/DSS","male",8,8,0.123652572714703,0.00303957300589244,"lnRR","Song"
"3374","Song et al. 2021","Faith's PD","AOM/DSS-Nrf2KO","female",8,8,0.223565567337482,0.0107081138881256,"lnRR","Song"
"3375","Song et al. 2021","Faith's PD","AOM/DSS-Nrf2KO","male",8,8,-0.0127192800989361,0.00209822070749452,"lnRR","Song"
"3376","Song et al. 2021","Faith's PD","Nrf2KO","female",8,8,0.184714643037913,0.0107225550676533,"lnRR","Song"
"3377","Song et al. 2021","Faith's PD","Nrf2KO","male",8,8,-0.0720395028383741,0.00365410366926082,"lnRR","Song"
"3378","Song et al. 2022","Faith's PD","AOM/DSS","female",4,7,0.138429811122091,0.00506152808108238,"lnRR","Song"
"3379","Song et al. 2022","Faith's PD","AOM/DSS","male",4,10,-0.119373385443784,0.00159196448466667,"lnRR","Song"
"3380","Song et al. 2022","Faith's PD","AOM/DSS_ steroid-injected","female",4,4,0.0832437089303498,0.00320089854284565,"lnRR","Song"
"3381","Song et al. 2022","Faith's PD","AOM/DSS_ steroid-injected","male",4,8,-0.188752429433444,0.00317392636644851,"lnRR","Song"
"3382","Song et al. 2022","Faith's PD","orchiectomized","male",4,4,-0.119748745583535,0.00371557892373186,"lnRR","Song"
"3383","Song et al. 2022","Faith's PD","orchiectomized_ AOM/DSS","male",4,10,0.0186561989613219,0.00153298932773846,"lnRR","Song"
"3384","Song et al. 2022","Faith's PD","orchiectomized_ AOM/DSS_ steroid-injected","male",4,6,-0.318029216061228,0.00781290892414729,"lnRR","Song"
"3385","Sun et al. 2020","Faith's PD","High fat","female",8,7,-0.143561442957933,0.00195126776248328,"lnRR","Sun"
"3386","Sun et al. 2020","Faith's PD","High fat","male",8,8,-0.132328780681257,0.007167178847399,"lnRR","Sun"
"3387","Sun et al. 2020","Faith's PD","Pomctm1/tm1","female",8,8,0.113182036850178,0.00156111536735333,"lnRR","Sun"
"3388","Sun et al. 2020","Faith's PD","Pomctm1/tm1","male",8,8,-0.0467848086570556,0.00569203156667101,"lnRR","Sun"
"3389","Sun et al. 2020","Faith's PD","Pomctm1/tm1, High fat","female",8,7,-0.0468551326360178,0.00368903445877803,"lnRR","Sun"
"3390","Sun et al. 2020","Faith's PD","Pomctm1/tm1, High fat","male",8,8,-0.226625259658148,0.00861466965069859,"lnRR","Sun"
"3391","Tam et al. 2020","Faith's PD","""Smoke exposed, ovariectomy""_cecal","female",10,8,-0.0696589916478264,0.00185390658869185,"lnRR","Tam"
"3392","Tam et al. 2020","Faith's PD","Smoke exposed_cecal","female",10,10,-0.06926563430536,0.00110935022571604,"lnRR","Tam"
"3393","Tam et al. 2020","Faith's PD","Smoke exposed_cecal","male",10,10,-0.127771650071123,0.00318544983033361,"lnRR","Tam"
"3394","Tam et al. 2020","Faith's PD","ovariectomy_cecal","female",10,10,-0.0118635301601403,0.0017829452813584,"lnRR","Tam"
"3395","Tashiro et al. 2020","Faith's PD","Cellulose","female",8,8,0.0599351297379775,0.00142069055713595,"lnRR","Tashiro"
"3396","Tashiro et al. 2020","Faith's PD","Cellulose","male",8,8,0.0407458102091287,0.000904979900165181,"lnRR","Tashiro"
"3397","Tashiro et al. 2020","Faith's PD","Fiberfree","female",8,8,-0.0509611093171459,0.00147242578502884,"lnRR","Tashiro"
"3398","Tashiro et al. 2020","Faith's PD","Fiberfree","male",8,8,-0.124173412532048,0.00101385998632838,"lnRR","Tashiro"
"3399","Tashiro et al. 2020","Faith's PD","Pectin","female",8,8,-0.0353737578826983,0.00727981278999669,"lnRR","Tashiro"
"3400","Tashiro et al. 2020","Faith's PD","Pectin","male",8,8,-0.514874772297023,0.00477061663853664,"lnRR","Tashiro"
"3401","Velasco et al. 2021","Faith's PD","C57BL/6J","female",4,NA,NA,NA,"lnRR","Velasco"
"3402","Velasco et al. 2021","Faith's PD","C57BL/6J","male",4,NA,NA,NA,"lnRR","Velasco"
"3403","Velasco et al. 2021","Faith's PD","MRL/MpJ","female",NA,4,NA,NA,"lnRR","Velasco"
"3404","Velasco et al. 2021","Faith's PD","MRL/MpJ","male",NA,4,NA,NA,"lnRR","Velasco"
"3405","Weng et al. 2019","Faith's PD","APOE2_APP transgene +","female",NA,11,NA,NA,"lnRR","Weng"
"3406","Weng et al. 2019","Faith's PD","APOE2_APP transgene +","male",NA,6,NA,NA,"lnRR","Weng"
"3407","Weng et al. 2019","Faith's PD","APOE2_APP transgene -","female",NA,18,NA,NA,"lnRR","Weng"
"3408","Weng et al. 2019","Faith's PD","APOE2_APP transgene -","male",NA,16,NA,NA,"lnRR","Weng"
"3409","Weng et al. 2019","Faith's PD","APOE3_APP transgene +","female",NA,21,NA,NA,"lnRR","Weng"
"3410","Weng et al. 2019","Faith's PD","APOE3_APP transgene +","male",NA,13,NA,NA,"lnRR","Weng"
"3411","Weng et al. 2019","Faith's PD","APOE3_APP transgene -","female",NA,15,NA,NA,"lnRR","Weng"
"3412","Weng et al. 2019","Faith's PD","APOE3_APP transgene -","male",NA,20,NA,NA,"lnRR","Weng"
"3413","Weng et al. 2019","Faith's PD","APOE4_APP transgene +","female",NA,24,NA,NA,"lnRR","Weng"
"3414","Weng et al. 2019","Faith's PD","APOE4_APP transgene +","male",NA,19,NA,NA,"lnRR","Weng"
"3415","Weng et al. 2019","Faith's PD","APOE4_APP transgene -","female",NA,24,NA,NA,"lnRR","Weng"
"3416","Weng et al. 2019","Faith's PD","APOE4_APP transgene -","male",NA,32,NA,NA,"lnRR","Weng"
"3417","Wolfe et al. 2020","Faith's PD","Smad3-/-_CRC_SFB+_cecal","female",NA,7,NA,NA,"lnRR","Wolfe"
"3418","Wolfe et al. 2020","Faith's PD","Smad3-/-_CRC_SFB+_cecal","male",NA,1,NA,NA,"lnRR","Wolfe"
"3419","Wolfe et al. 2020","Faith's PD","Smad3-/-_CRC_SFB+_fecal","female",NA,68,NA,NA,"lnRR","Wolfe"
"3420","Wolfe et al. 2020","Faith's PD","Smad3-/-_CRC_SFB+_fecal","male",NA,10,NA,NA,"lnRR","Wolfe"
"3421","Wolfe et al. 2020","Faith's PD","Smad3-/-_CRC_SFB-_cecal","female",NA,7,NA,NA,"lnRR","Wolfe"
"3422","Wolfe et al. 2020","Faith's PD","Smad3-/-_CRC_SFB-_cecal","male",NA,2,NA,NA,"lnRR","Wolfe"
"3423","Wolfe et al. 2020","Faith's PD","Smad3-/-_CRC_SFB-_fecal","female",NA,83,NA,NA,"lnRR","Wolfe"
"3424","Wolfe et al. 2020","Faith's PD","Smad3-/-_CRC_SFB-_fecal","male",NA,34,NA,NA,"lnRR","Wolfe"
"3425","Wolfe et al. 2020","Faith's PD","Smad3-/-_healthy_SFB+_cecal","female",NA,5,NA,NA,"lnRR","Wolfe"
"3426","Wolfe et al. 2020","Faith's PD","Smad3-/-_healthy_SFB+_cecal","male",NA,15,NA,NA,"lnRR","Wolfe"
"3427","Wolfe et al. 2020","Faith's PD","Smad3-/-_healthy_SFB+_fecal","female",NA,49,NA,NA,"lnRR","Wolfe"
"3428","Wolfe et al. 2020","Faith's PD","Smad3-/-_healthy_SFB+_fecal","male",NA,156,NA,NA,"lnRR","Wolfe"
"3429","Wolfe et al. 2020","Faith's PD","Smad3-/-_healthy_SFB-_cecal","female",NA,10,NA,NA,"lnRR","Wolfe"
"3430","Wolfe et al. 2020","Faith's PD","Smad3-/-_healthy_SFB-_cecal","male",NA,15,NA,NA,"lnRR","Wolfe"
"3431","Wolfe et al. 2020","Faith's PD","Smad3-/-_healthy_SFB-_fecal","female",NA,135,NA,NA,"lnRR","Wolfe"
"3432","Wolfe et al. 2020","Faith's PD","Smad3-/-_healthy_SFB-_fecal","male",NA,158,NA,NA,"lnRR","Wolfe"
"3433","Zajac et al. 2022","Faith's PD","APOE2/E2_cecal","female",NA,6,NA,NA,"lnRR","Zajac"
"3434","Zajac et al. 2022","Faith's PD","APOE2/E2_cecal","male",NA,5,NA,NA,"lnRR","Zajac"
"3435","Zajac et al. 2022","Faith's PD","APOE2/E2_fecal","female",NA,21,NA,NA,"lnRR","Zajac"
"3436","Zajac et al. 2022","Faith's PD","APOE2/E2_fecal","male",NA,15,NA,NA,"lnRR","Zajac"
"3437","Zajac et al. 2022","Faith's PD","APOE2/E2_small bowel","female",NA,3,NA,NA,"lnRR","Zajac"
"3438","Zajac et al. 2022","Faith's PD","APOE2/E2_small bowel","male",NA,2,NA,NA,"lnRR","Zajac"
"3439","Zajac et al. 2022","Faith's PD","APOE2/E3_cecal","female",NA,10,NA,NA,"lnRR","Zajac"
"3440","Zajac et al. 2022","Faith's PD","APOE2/E3_cecal","male",NA,7,NA,NA,"lnRR","Zajac"
"3441","Zajac et al. 2022","Faith's PD","APOE2/E3_fecal","female",NA,36,NA,NA,"lnRR","Zajac"
"3442","Zajac et al. 2022","Faith's PD","APOE2/E3_fecal","male",NA,21,NA,NA,"lnRR","Zajac"
"3443","Zajac et al. 2022","Faith's PD","APOE2/E3_small bowel","male",NA,1,NA,NA,"lnRR","Zajac"
"3444","Zajac et al. 2022","Faith's PD","APOE2_fecal","female",NA,7,NA,NA,"lnRR","Zajac"
"3445","Zajac et al. 2022","Faith's PD","APOE2_fecal","male",NA,8,NA,NA,"lnRR","Zajac"
"3446","Zajac et al. 2022","Faith's PD","APOE3/E3_cecal","female",NA,5,NA,NA,"lnRR","Zajac"
"3447","Zajac et al. 2022","Faith's PD","APOE3/E3_cecal","male",NA,13,NA,NA,"lnRR","Zajac"
"3448","Zajac et al. 2022","Faith's PD","APOE3/E3_fecal","female",NA,15,NA,NA,"lnRR","Zajac"
"3449","Zajac et al. 2022","Faith's PD","APOE3/E3_fecal","male",NA,41,NA,NA,"lnRR","Zajac"
"3450","Zajac et al. 2022","Faith's PD","APOE3/E3_small bowel","female",NA,2,NA,NA,"lnRR","Zajac"
"3451","Zajac et al. 2022","Faith's PD","APOE3/E3_small bowel","male",NA,4,NA,NA,"lnRR","Zajac"
"3452","Zajac et al. 2022","Faith's PD","APOE3/E4_cecal","female",NA,8,NA,NA,"lnRR","Zajac"
"3453","Zajac et al. 2022","Faith's PD","APOE3/E4_cecal","male",NA,10,NA,NA,"lnRR","Zajac"
"3454","Zajac et al. 2022","Faith's PD","APOE3/E4_fecal","female",NA,23,NA,NA,"lnRR","Zajac"
"3455","Zajac et al. 2022","Faith's PD","APOE3/E4_fecal","male",NA,32,NA,NA,"lnRR","Zajac"
"3456","Zajac et al. 2022","Faith's PD","APOE3/E4_small bowel","female",NA,1,NA,NA,"lnRR","Zajac"
"3457","Zajac et al. 2022","Faith's PD","APOE3_fecal","female",NA,7,NA,NA,"lnRR","Zajac"
"3458","Zajac et al. 2022","Faith's PD","APOE3_fecal","male",NA,6,NA,NA,"lnRR","Zajac"
"3459","Zajac et al. 2022","Faith's PD","APOE4/E4_cecal","female",NA,4,NA,NA,"lnRR","Zajac"
"3460","Zajac et al. 2022","Faith's PD","APOE4/E4_cecal","male",NA,5,NA,NA,"lnRR","Zajac"
"3461","Zajac et al. 2022","Faith's PD","APOE4/E4_fecal","female",NA,19,NA,NA,"lnRR","Zajac"
"3462","Zajac et al. 2022","Faith's PD","APOE4/E4_fecal","male",NA,15,NA,NA,"lnRR","Zajac"
"3463","Zajac et al. 2022","Faith's PD","APOE4/E4_small bowel","female",NA,3,NA,NA,"lnRR","Zajac"
"3464","Zajac et al. 2022","Faith's PD","APOE4/E4_small bowel","male",NA,3,NA,NA,"lnRR","Zajac"
"3465","Zajac et al. 2022","Faith's PD","APOE4_fecal","female",NA,7,NA,NA,"lnRR","Zajac"
"3466","Zajac et al. 2022","Faith's PD","APOE4_fecal","male",NA,7,NA,NA,"lnRR","Zajac"
"3467","Zou et al. 2021","Faith's PD","Glrx1 KO + High fat chow","female",4,4,-0.20898423730745,0.00474017158268332,"lnRR","Zou"
"3468","Zou et al. 2021","Faith's PD","Glrx1 KO + High fat chow","male",4,4,-0.113761530305542,0.00081811764210951,"lnRR","Zou"
"3469","Zou et al. 2021","Faith's PD","Glrx1 KO + Standard chow","female",4,3,-0.106858592436813,0.00418437688769798,"lnRR","Zou"
"3470","Zou et al. 2021","Faith's PD","Glrx1 KO + Standard chow","male",4,2,0.00415819799900407,0.000384860242576401,"lnRR","Zou"
"3471","Zou et al. 2021","Faith's PD","High fat chow","female",4,5,-0.270217110666509,0.00519762297557105,"lnRR","Zou"
"3472","Zou et al. 2021","Faith's PD","High fat chow","male",4,5,-0.0556675329473934,0.000525201050685452,"lnRR","Zou"
"3473","Cheema & Pluznick 2019","Shannon","Ang II infusion","female",3,3,0.0692747896532747,0.0171602018599088,"lnRR","Cheema"
"3474","Cheema & Pluznick 2019","Shannon","Ang II infusion","male",3,3,-0.0195098391250454,0.0214419103802369,"lnRR","Cheema"
"3475","Ellis et al. 2021","Shannon","13C11MK4_cecal","female",7,7,-0.000951119528493953,0.000263197128611935,"lnRR","Ellis"
"3476","Ellis et al. 2021","Shannon","13C11MK4_cecal","male",7,7,-0.0206330294981294,0.00157328462855248,"lnRR","Ellis"
"3477","Ellis et al. 2021","Shannon","2H7MK7_cecal","female",7,7,-0.024617030674562,0.000312173289517969,"lnRR","Ellis"
"3478","Ellis et al. 2021","Shannon","2H7MK7_cecal","male",7,7,-0.0175128064335137,0.00121874353253312,"lnRR","Ellis"
"3479","Ellis et al. 2021","Shannon","2H7MK9_cecal","female",7,7,-0.0362811462832871,0.000364164713028752,"lnRR","Ellis"
"3480","Ellis et al. 2021","Shannon","2H7MK9_cecal","male",7,7,-0.00146956845539757,0.00110561953922008,"lnRR","Ellis"
"3481","Ellis et al. 2021","Shannon","2H7PK_cecal","female",7,7,-0.011292383938077,0.000349395397824474,"lnRR","Ellis"
"3482","Ellis et al. 2021","Shannon","2H7PK_cecal","male",7,7,-0.00847604009264342,0.00177034939963498,"lnRR","Ellis"
"3483","Ellis et al. 2021","Shannon","Combo_cecal","female",7,9,0.0615849256768079,0.000213671812226155,"lnRR","Ellis"
"3484","Ellis et al. 2021","Shannon","Combo_cecal","male",7,10,0.129600618140578,0.00113774503516527,"lnRR","Ellis"
"3485","Ellis et al. 2021","Shannon","MK4_cecal","female",7,10,0.0627580806126351,0.000208117652063162,"lnRR","Ellis"
"3486","Ellis et al. 2021","Shannon","MK4_cecal","male",7,10,0.116392843853521,0.00108099223789062,"lnRR","Ellis"
"3487","Ellis et al. 2021","Shannon","MK9_cecal","female",7,9,0.0658728086271603,0.000150134060174183,"lnRR","Ellis"
"3488","Ellis et al. 2021","Shannon","MK9_cecal","male",7,9,0.132942957687516,0.00117161493512749,"lnRR","Ellis"
"3489","Ellis et al. 2021","Shannon","PK_cecal","female",7,9,0.0592416932850292,0.000186213343325115,"lnRR","Ellis"
"3490","Ellis et al. 2021","Shannon","PK_cecal","male",7,10,0.0890397777437057,0.00120458415861219,"lnRR","Ellis"
"3491","Ellis et al. 2021","Shannon","VKdef_cecal","female",7,9,0.0407970113847795,0.000185532754866933,"lnRR","Ellis"
"3492","Ellis et al. 2021","Shannon","VKdef_cecal","male",7,8,0.129292537314811,0.00107579210376767,"lnRR","Ellis"
"3493","Gubert et al. 2022","Shannon","R6/1_Enviromental enrichment ","female",8,7,0.0521871891494595,0.0070825550378901,"lnRR","Gubert"
"3494","Gubert et al. 2022","Shannon","R6/1_Enviromental enrichment ","female",8,7,0.123292162249775,0.00928035614851392,"lnRR","Gubert"
"3495","Gubert et al. 2022","Shannon","R6/1_Enviromental enrichment ","male",8,8,-0.0966097771132458,0.00436464008103876,"lnRR","Gubert"
"3496","Gubert et al. 2022","Shannon","R6/1_Enviromental enrichment ","male",8,8,0.127237424177718,0.00726212080436338,"lnRR","Gubert"
"3497","Gubert et al. 2022","Shannon","R6/1_Exercise","female",8,8,-0.0548902678075059,0.00741914574945867,"lnRR","Gubert"
"3498","Gubert et al. 2022","Shannon","R6/1_Exercise","female",8,8,0.0162147052928095,0.00961694686008249,"lnRR","Gubert"
"3499","Gubert et al. 2022","Shannon","R6/1_Exercise","male",8,8,0.0165461741028522,0.00298664022883039,"lnRR","Gubert"
"3500","Gubert et al. 2022","Shannon","R6/1_Exercise","male",8,8,0.240393375393816,0.00588412095215502,"lnRR","Gubert"
"3501","Gubert et al. 2022","Shannon","WT_Enviromental enrichment ","female",8,8,-0.0345612341657659,0.00703743646169323,"lnRR","Gubert"
"3502","Gubert et al. 2022","Shannon","WT_Enviromental enrichment ","female",8,8,0.0365437389345495,0.00923523757231705,"lnRR","Gubert"
"3503","Gubert et al. 2022","Shannon","WT_Enviromental enrichment ","male",8,8,-0.12469982598859,0.00677770984746655,"lnRR","Gubert"
"3504","Gubert et al. 2022","Shannon","WT_Enviromental enrichment ","male",8,8,0.0991473753023739,0.00967519057079117,"lnRR","Gubert"
"3505","Gubert et al. 2022","Shannon","WT_Exercise","female",8,8,-0.0417586003446466,0.00526022437191815,"lnRR","Gubert"
"3506","Gubert et al. 2022","Shannon","WT_Exercise","female",8,8,0.0293463727556688,0.00745802548254197,"lnRR","Gubert"
"3507","Gubert et al. 2022","Shannon","WT_Exercise","male",8,8,-0.191792766835628,0.00451754553162738,"lnRR","Gubert"
"3508","Gubert et al. 2022","Shannon","WT_Exercise","male",8,8,0.0320544344553355,0.00741502625495201,"lnRR","Gubert"
"3509","Ibrahim et al. 2019","Shannon","AOM/DSS","female",4,3,-0.131365834317537,0.00543441477064696,"lnRR","Ibrahim"
"3510","Ibrahim et al. 2019","Shannon","AOM/DSS","female",4,3,-0.0492548700318287,0.00675926536958037,"lnRR","Ibrahim"
"3511","Ibrahim et al. 2019","Shannon","AOM/DSS","male",4,7,-0.09253497489585,0.00542710567504793,"lnRR","Ibrahim"
"3512","Ibrahim et al. 2019","Shannon","AOM/DSS","male",4,7,-0.147025017858319,0.00105955684231299,"lnRR","Ibrahim"
"3513","Ibrahim et al. 2019","Shannon","AOM/DSS-ERbKOVil","female",4,6,-0.105694089507567,0.00161206141315855,"lnRR","Ibrahim"
"3514","Ibrahim et al. 2019","Shannon","AOM/DSS-ERbKOVil","female",4,6,-0.0235831252218592,0.00293691201209197,"lnRR","Ibrahim"
"3515","Ibrahim et al. 2019","Shannon","AOM/DSS-ERbKOVil","male",4,7,0.0425623408085483,0.00489894569737596,"lnRR","Ibrahim"
"3516","Ibrahim et al. 2019","Shannon","AOM/DSS-ERbKOVil","male",4,7,-0.0119277021539207,0.000531396864641015,"lnRR","Ibrahim"
"3517","Kozik et al. 2019","Shannon","Colitis-cecal","female",3,7,0.00265587604585238,0.00304446932087305,"lnRR","Kozik"
"3518","Kozik et al. 2019","Shannon","Colitis-cecal","female",3,7,0.0772291701901988,0.0859056185259579,"lnRR","Kozik"
"3519","Kozik et al. 2019","Shannon","Colitis-cecal","female",3,7,0.0151249845387723,0.0437806770384054,"lnRR","Kozik"
"3520","Kozik et al. 2019","Shannon","Colitis-cecal","female",3,7,0.31462559382953,0.00662230563026707,"lnRR","Kozik"
"3521","Kozik et al. 2019","Shannon","Colitis-cecal","male",2,7,0.018010079925611,0.00142082760934365,"lnRR","Kozik"
"3522","Kozik et al. 2019","Shannon","Colitis-cecal","male",2,7,-0.0410377121498787,0.00264847500316994,"lnRR","Kozik"
"3523","Kozik et al. 2019","Shannon","Colitis-cecal","male",2,7,0.310529743698434,0.00200481443734664,"lnRR","Kozik"
"3524","Kozik et al. 2019","Shannon","Colitis-colonMucus","female",3,4,0.134990978940629,0.00919746260687742,"lnRR","Kozik"
"3525","Kozik et al. 2019","Shannon","Colitis-colonMucus","female",3,4,0.209564273084975,0.0920586118119622,"lnRR","Kozik"
"3526","Kozik et al. 2019","Shannon","Colitis-colonMucus","female",3,4,0.147460087433549,0.0499336703244097,"lnRR","Kozik"
"3527","Kozik et al. 2019","Shannon","Colitis-colonMucus","female",3,4,0.446960696724306,0.0127752989162714,"lnRR","Kozik"
"3528","Kozik et al. 2019","Shannon","Colitis-colonMucus","male",2,5,0.136787536481634,0.00210544224921912,"lnRR","Kozik"
"3529","Kozik et al. 2019","Shannon","Colitis-colonMucus","male",2,5,0.077739744406144,0.00333308964304541,"lnRR","Kozik"
"3530","Kozik et al. 2019","Shannon","Colitis-colonMucus","male",2,5,0.429307200254456,0.00268942907722211,"lnRR","Kozik"
"3531","Kozik et al. 2019","Shannon","Colitis-colonMucus_T0","male",2,1,NA,NA,"lnRR","Kozik"
"3532","Kozik et al. 2019","Shannon","Colitis-colonMucus_T0","male",2,1,NA,NA,"lnRR","Kozik"
"3533","Kozik et al. 2019","Shannon","Colitis-colonMucus_T0","male",2,1,NA,NA,"lnRR","Kozik"
"3534","Kozik et al. 2019","Shannon","Colitis-fecal","female",3,7,-0.156543547186857,0.00471953815973277,"lnRR","Kozik"
"3535","Kozik et al. 2019","Shannon","Colitis-fecal","female",3,7,-0.0819702530425102,0.0875806873648176,"lnRR","Kozik"
"3536","Kozik et al. 2019","Shannon","Colitis-fecal","female",3,7,-0.144074438693937,0.0454557458772651,"lnRR","Kozik"
"3537","Kozik et al. 2019","Shannon","Colitis-fecal","female",3,7,0.155426170596821,0.0082973744691268,"lnRR","Kozik"
"3538","Kozik et al. 2019","Shannon","Colitis-fecal","male",2,5,-0.199425777973831,0.00591889584008356,"lnRR","Kozik"
"3539","Kozik et al. 2019","Shannon","Colitis-fecal","male",2,5,-0.25847357004932,0.00714654323390985,"lnRR","Kozik"
"3540","Kozik et al. 2019","Shannon","Colitis-fecal","male",2,5,0.0930938857989923,0.00650288266808655,"lnRR","Kozik"
"3541","Kozik et al. 2019","Shannon","Colitis-fecal_T0","female",3,7,-0.33911542081841,0.00363974126984569,"lnRR","Kozik"
"3542","Kozik et al. 2019","Shannon","Colitis-fecal_T0","female",3,7,-0.264542126674064,0.0865008904749305,"lnRR","Kozik"
"3543","Kozik et al. 2019","Shannon","Colitis-fecal_T0","female",3,7,-0.32664631232549,0.044375948987378,"lnRR","Kozik"
"3544","Kozik et al. 2019","Shannon","Colitis-fecal_T0","female",3,7,-0.0271457030347322,0.00721757757923972,"lnRR","Kozik"
"3545","Kozik et al. 2019","Shannon","Colitis-fecal_T0","male",2,7,-0.310163447436404,0.00839602783993015,"lnRR","Kozik"
"3546","Kozik et al. 2019","Shannon","Colitis-fecal_T0","male",2,7,-0.369211239511893,0.00962367523375644,"lnRR","Kozik"
"3547","Kozik et al. 2019","Shannon","Colitis-fecal_T0","male",2,7,-0.0176437836635809,0.00898001466793314,"lnRR","Kozik"
"3548","Li et al. 2020","Shannon","Chow diet + STZ injection+ Distilled water ","female",NA,1,NA,NA,"lnRR","Li"
"3549","Li et al. 2020","Shannon","Chow diet + STZ injection+ Distilled water ","male",NA,5,NA,NA,"lnRR","Li"
"3550","Li et al. 2020","Shannon","HFD+ STZ injection + DNJ","female",NA,9,NA,NA,"lnRR","Li"
"3551","Li et al. 2020","Shannon","HFD+ STZ injection + DNJ","male",NA,1,NA,NA,"lnRR","Li"
"3552","Li et al. 2020","Shannon","HFD+ STZ injection+ Distilled water","female",NA,3,NA,NA,"lnRR","Li"
"3553","Lindheim et al. 2018","Shannon","PRJNA445979","female",NA,93,NA,NA,"lnRR","Lindheim"
"3554","Lindheim et al. 2018","Shannon","PRJNA445979","male",NA,76,NA,NA,"lnRR","Lindheim"
"3555","Lyte et al. 2022","Shannon","beef-chow","female",19,19,-0.107660090058716,0.00109793053380135,"lnRR","Lyte"
"3556","Lyte et al. 2022","Shannon","beef-chow","male",20,18,0.0221710753580431,0.00161678501093027,"lnRR","Lyte"
"3557","Lyte et al. 2022","Shannon","beef-chow-stress","female",19,20,-0.0399775284108203,0.000729521064830517,"lnRR","Lyte"
"3558","Lyte et al. 2022","Shannon","beef-chow-stress","male",20,18,0.0796520189737054,0.00137153282263745,"lnRR","Lyte"
"3559","Lyte et al. 2022","Shannon","chow-stress","female",19,20,-0.0287692768554306,0.000748557325994399,"lnRR","Lyte"
"3560","Lyte et al. 2022","Shannon","chow-stress","male",20,20,0.0836352349950633,0.00147384125081955,"lnRR","Lyte"
"3561","Pizarro et al. 2021","Shannon","Water-T0","female",8,NA,NA,NA,"lnRR","Pizarro"
"3562","Pizarro et al. 2021","Shannon","Water-T0","male",10,NA,NA,NA,"lnRR","Pizarro"
"3563","Pizarro et al. 2021","Shannon","EtOH-Syn-T1","female",NA,8,NA,NA,"lnRR","Pizarro"
"3564","Pizarro et al. 2021","Shannon","EtOH-Syn-T1","male",NA,10,NA,NA,"lnRR","Pizarro"
"3565","Pizarro et al. 2021","Shannon","EtOH-T1","female",NA,8,NA,NA,"lnRR","Pizarro"
"3566","Pizarro et al. 2021","Shannon","EtOH-T1","male",NA,10,NA,NA,"lnRR","Pizarro"
"3567","Pizarro et al. 2021","Shannon","Symbiotic-T0","female",NA,8,NA,NA,"lnRR","Pizarro"
"3568","Pizarro et al. 2021","Shannon","Symbiotic-T0","male",NA,10,NA,NA,"lnRR","Pizarro"
"3569","Ramakrishna et al. 2020","Shannon","ACV+IVIG-injected","female",3,4,-0.148440127585066,0.0319289109659908,"lnRR","Ramakrishna"
"3570","Ramakrishna et al. 2020","Shannon","ACV+IVIG-injected","male",2,1,NA,NA,"lnRR","Ramakrishna"
"3571","Ramakrishna et al. 2020","Shannon","ACV-injected","female",3,2,-0.092782833402047,0.0666315154727803,"lnRR","Ramakrishna"
"3572","Ramakrishna et al. 2020","Shannon","ACV-injected","male",2,3,-0.42506315950147,0.0821889077535997,"lnRR","Ramakrishna"
"3573","Ramakrishna et al. 2020","Shannon","HSV1-infected","female",3,5,-0.0559113100637637,0.027370600376119,"lnRR","Ramakrishna"
"3574","Ramakrishna et al. 2020","Shannon","HSV1-infected","male",2,4,-0.329518621235731,0.0316935098207804,"lnRR","Ramakrishna"
"3575","Ramakrishna et al. 2020","Shannon","HSV1-infected; ACV+IVIG-injected","female",3,3,-0.136804002596916,0.0108104195304091,"lnRR","Ramakrishna"
"3576","Ramakrishna et al. 2020","Shannon","HSV1-infected; ACV+IVIG-injected","male",2,2,-0.127183213099447,0.0243468585758081,"lnRR","Ramakrishna"
"3577","Ramakrishna et al. 2020","Shannon","HSV1-infected; ACV-injected","female",3,1,NA,NA,"lnRR","Ramakrishna"
"3578","Ramakrishna et al. 2020","Shannon","HSV1-infected; ACV-injected","male",2,1,NA,NA,"lnRR","Ramakrishna"
"3579","Ramakrishna et al. 2020","Shannon","HSV1-infected; IVIG-injected","female",3,1,NA,NA,"lnRR","Ramakrishna"
"3580","Ramakrishna et al. 2020","Shannon","HSV1-infected; IVIG-injected","male",2,3,-0.374143419664056,0.0343196108181501,"lnRR","Ramakrishna"
"3581","Ramakrishna et al. 2020","Shannon","IVIG-injected","female",3,5,-0.248204438253751,0.0407399184097668,"lnRR","Ramakrishna"
"3582","Ramakrishna et al. 2020","Shannon","IVIG-injected","male",2,5,-0.266893471832008,0.0265013715620391,"lnRR","Ramakrishna"
"3583","Son et al. 2019","Shannon","IL-10 Knockout ","female",8,8,0.524233502418745,0.0170719098052017,"lnRR","Son"
"3584","Son et al. 2019","Shannon","IL-10 Knockout ","male",8,8,-0.421606195652362,0.0123309551889494,"lnRR","Son"
"3585","Song et al. 2020","Shannon","AOM/DSS","male",5,12,0.0577979139185179,0.0028960865300311,"lnRR","Song"
"3586","Song et al. 2020","Shannon","AOM/DSS E2-supplemented","male",5,12,-0.0268666510237002,0.00396243622147856,"lnRR","Song"
"3587","Song et al. 2020","Shannon","E2-supplemented","male",5,12,-0.208198465252923,0.00366836871405204,"lnRR","Song"
"3588","Song et al. 2020","Shannon","ovariectomized ","female",11,7,0.0998621356848394,0.00111037278753514,"lnRR","Song"
"3589","Song et al. 2021","Shannon","AOM/DSS","female",8,8,0.0402912730530486,0.0352848336798458,"lnRR","Song"
"3590","Song et al. 2021","Shannon","AOM/DSS","male",8,8,-0.266739005517566,0.00798053554727759,"lnRR","Song"
"3591","Song et al. 2021","Shannon","AOM/DSS-Nrf2KO","female",8,8,0.0933013572108124,0.0330053570672279,"lnRR","Song"
"3592","Song et al. 2021","Shannon","AOM/DSS-Nrf2KO","male",8,8,-0.442429458194275,0.00793574378476203,"lnRR","Song"
"3593","Song et al. 2021","Shannon","Nrf2KO","female",8,8,0.101342153364073,0.0289790680955746,"lnRR","Song"
"3594","Song et al. 2021","Shannon","Nrf2KO","male",8,8,-0.0134760598507966,0.00522720127932504,"lnRR","Song"
"3595","Song et al. 2022","Shannon","AOM/DSS","female",4,7,0.0545979892630533,0.00946155464259545,"lnRR","Song"
"3596","Song et al. 2022","Shannon","AOM/DSS","male",4,10,-0.189121529032942,0.0074061334406655,"lnRR","Song"
"3597","Song et al. 2022","Shannon","AOM/DSS_ steroid-injected","female",4,4,0.0902558496878029,0.0157656024086838,"lnRR","Song"
"3598","Song et al. 2022","Shannon","AOM/DSS_ steroid-injected","male",4,8,-0.220362379821386,0.00791542510169167,"lnRR","Song"
"3599","Song et al. 2022","Shannon","orchiectomized","male",4,4,-0.297125305247807,0.00867568023992975,"lnRR","Song"
"3600","Song et al. 2022","Shannon","orchiectomized_ AOM/DSS","male",4,10,-0.0700928254211412,0.00918513101270283,"lnRR","Song"
"3601","Song et al. 2022","Shannon","orchiectomized_ AOM/DSS_ steroid-injected","male",4,6,-0.423269249876054,0.0101640503353738,"lnRR","Song"
"3602","Sun et al. 2020","Shannon","High fat","female",8,7,-0.00705260843014508,0.000544184525105879,"lnRR","Sun"
"3603","Sun et al. 2020","Shannon","High fat","male",8,8,-0.0786912101366417,0.00120234073689796,"lnRR","Sun"
"3604","Sun et al. 2020","Shannon","Pomctm1/tm1","female",8,8,0.0263803530843519,0.000754845343773164,"lnRR","Sun"
"3605","Sun et al. 2020","Shannon","Pomctm1/tm1","male",8,8,-0.067986014355692,0.00212550605621956,"lnRR","Sun"
"3606","Sun et al. 2020","Shannon","Pomctm1/tm1, High fat","female",8,7,-0.0400671596708198,0.000700850632174076,"lnRR","Sun"
"3607","Sun et al. 2020","Shannon","Pomctm1/tm1, High fat","male",8,8,-0.101707140703058,0.00348370895231556,"lnRR","Sun"
"3608","Tam et al. 2020","Shannon","""Smoke exposed, ovariectomy""_cecal","female",10,8,-0.0941185114778284,0.0015886118404833,"lnRR","Tam"
"3609","Tam et al. 2020","Shannon","Smoke exposed_cecal","female",10,10,0.0163543205748914,0.00104892761148038,"lnRR","Tam"
"3610","Tam et al. 2020","Shannon","Smoke exposed_cecal","male",10,10,-0.0774852076909572,0.00126341084861795,"lnRR","Tam"
"3611","Tam et al. 2020","Shannon","ovariectomy_cecal","female",10,10,-0.0648030624380787,0.00160543813505095,"lnRR","Tam"
"3612","Tashiro et al. 2020","Shannon","Cellulose","female",8,8,0.195478416146537,0.0152011437148671,"lnRR","Tashiro"
"3613","Tashiro et al. 2020","Shannon","Cellulose","male",8,8,0.16085003605729,0.0114527265874465,"lnRR","Tashiro"
"3614","Tashiro et al. 2020","Shannon","Fiberfree","female",8,8,0.0627406151807676,0.0139095143065641,"lnRR","Tashiro"
"3615","Tashiro et al. 2020","Shannon","Fiberfree","male",8,8,0.0227361435542472,0.00746342145274287,"lnRR","Tashiro"
"3616","Tashiro et al. 2020","Shannon","Pectin","female",8,8,-0.072093193554913,0.0184522132605718,"lnRR","Tashiro"
"3617","Tashiro et al. 2020","Shannon","Pectin","male",8,8,-0.386767220139672,0.0158145595930256,"lnRR","Tashiro"
"3618","Velasco et al. 2021","Shannon","C57BL/6J","female",4,NA,NA,NA,"lnRR","Velasco"
"3619","Velasco et al. 2021","Shannon","C57BL/6J","male",4,NA,NA,NA,"lnRR","Velasco"
"3620","Velasco et al. 2021","Shannon","MRL/MpJ","female",NA,4,NA,NA,"lnRR","Velasco"
"3621","Velasco et al. 2021","Shannon","MRL/MpJ","male",NA,4,NA,NA,"lnRR","Velasco"
"3622","Weng et al. 2019","Shannon","APOE2_APP transgene +","female",NA,11,NA,NA,"lnRR","Weng"
"3623","Weng et al. 2019","Shannon","APOE2_APP transgene +","male",NA,6,NA,NA,"lnRR","Weng"
"3624","Weng et al. 2019","Shannon","APOE2_APP transgene -","female",NA,18,NA,NA,"lnRR","Weng"
"3625","Weng et al. 2019","Shannon","APOE2_APP transgene -","male",NA,16,NA,NA,"lnRR","Weng"
"3626","Weng et al. 2019","Shannon","APOE3_APP transgene +","female",NA,21,NA,NA,"lnRR","Weng"
"3627","Weng et al. 2019","Shannon","APOE3_APP transgene +","male",NA,13,NA,NA,"lnRR","Weng"
"3628","Weng et al. 2019","Shannon","APOE3_APP transgene -","female",NA,15,NA,NA,"lnRR","Weng"
"3629","Weng et al. 2019","Shannon","APOE3_APP transgene -","male",NA,20,NA,NA,"lnRR","Weng"
"3630","Weng et al. 2019","Shannon","APOE4_APP transgene +","female",NA,24,NA,NA,"lnRR","Weng"
"3631","Weng et al. 2019","Shannon","APOE4_APP transgene +","male",NA,19,NA,NA,"lnRR","Weng"
"3632","Weng et al. 2019","Shannon","APOE4_APP transgene -","female",NA,24,NA,NA,"lnRR","Weng"
"3633","Weng et al. 2019","Shannon","APOE4_APP transgene -","male",NA,32,NA,NA,"lnRR","Weng"
"3634","Wolfe et al. 2020","Shannon","Smad3-/-_CRC_SFB+_cecal","female",NA,7,NA,NA,"lnRR","Wolfe"
"3635","Wolfe et al. 2020","Shannon","Smad3-/-_CRC_SFB+_cecal","male",NA,1,NA,NA,"lnRR","Wolfe"
"3636","Wolfe et al. 2020","Shannon","Smad3-/-_CRC_SFB+_fecal","female",NA,68,NA,NA,"lnRR","Wolfe"
"3637","Wolfe et al. 2020","Shannon","Smad3-/-_CRC_SFB+_fecal","male",NA,10,NA,NA,"lnRR","Wolfe"
"3638","Wolfe et al. 2020","Shannon","Smad3-/-_CRC_SFB-_cecal","female",NA,7,NA,NA,"lnRR","Wolfe"
"3639","Wolfe et al. 2020","Shannon","Smad3-/-_CRC_SFB-_cecal","male",NA,2,NA,NA,"lnRR","Wolfe"
"3640","Wolfe et al. 2020","Shannon","Smad3-/-_CRC_SFB-_fecal","female",NA,83,NA,NA,"lnRR","Wolfe"
"3641","Wolfe et al. 2020","Shannon","Smad3-/-_CRC_SFB-_fecal","male",NA,34,NA,NA,"lnRR","Wolfe"
"3642","Wolfe et al. 2020","Shannon","Smad3-/-_healthy_SFB+_cecal","female",NA,5,NA,NA,"lnRR","Wolfe"
"3643","Wolfe et al. 2020","Shannon","Smad3-/-_healthy_SFB+_cecal","male",NA,15,NA,NA,"lnRR","Wolfe"
"3644","Wolfe et al. 2020","Shannon","Smad3-/-_healthy_SFB+_fecal","female",NA,49,NA,NA,"lnRR","Wolfe"
"3645","Wolfe et al. 2020","Shannon","Smad3-/-_healthy_SFB+_fecal","male",NA,156,NA,NA,"lnRR","Wolfe"
"3646","Wolfe et al. 2020","Shannon","Smad3-/-_healthy_SFB-_cecal","female",NA,10,NA,NA,"lnRR","Wolfe"
"3647","Wolfe et al. 2020","Shannon","Smad3-/-_healthy_SFB-_cecal","male",NA,15,NA,NA,"lnRR","Wolfe"
"3648","Wolfe et al. 2020","Shannon","Smad3-/-_healthy_SFB-_fecal","female",NA,135,NA,NA,"lnRR","Wolfe"
"3649","Wolfe et al. 2020","Shannon","Smad3-/-_healthy_SFB-_fecal","male",NA,158,NA,NA,"lnRR","Wolfe"
"3650","Zajac et al. 2022","Shannon","APOE2/E2_cecal","female",NA,6,NA,NA,"lnRR","Zajac"
"3651","Zajac et al. 2022","Shannon","APOE2/E2_cecal","male",NA,5,NA,NA,"lnRR","Zajac"
"3652","Zajac et al. 2022","Shannon","APOE2/E2_fecal","female",NA,21,NA,NA,"lnRR","Zajac"
"3653","Zajac et al. 2022","Shannon","APOE2/E2_fecal","male",NA,15,NA,NA,"lnRR","Zajac"
"3654","Zajac et al. 2022","Shannon","APOE2/E2_small bowel","female",NA,3,NA,NA,"lnRR","Zajac"
"3655","Zajac et al. 2022","Shannon","APOE2/E2_small bowel","male",NA,2,NA,NA,"lnRR","Zajac"
"3656","Zajac et al. 2022","Shannon","APOE2/E3_cecal","female",NA,10,NA,NA,"lnRR","Zajac"
"3657","Zajac et al. 2022","Shannon","APOE2/E3_cecal","male",NA,7,NA,NA,"lnRR","Zajac"
"3658","Zajac et al. 2022","Shannon","APOE2/E3_fecal","female",NA,36,NA,NA,"lnRR","Zajac"
"3659","Zajac et al. 2022","Shannon","APOE2/E3_fecal","male",NA,21,NA,NA,"lnRR","Zajac"
"3660","Zajac et al. 2022","Shannon","APOE2/E3_small bowel","male",NA,1,NA,NA,"lnRR","Zajac"
"3661","Zajac et al. 2022","Shannon","APOE2_fecal","female",NA,7,NA,NA,"lnRR","Zajac"
"3662","Zajac et al. 2022","Shannon","APOE2_fecal","male",NA,8,NA,NA,"lnRR","Zajac"
"3663","Zajac et al. 2022","Shannon","APOE3/E3_cecal","female",NA,5,NA,NA,"lnRR","Zajac"
"3664","Zajac et al. 2022","Shannon","APOE3/E3_cecal","male",NA,13,NA,NA,"lnRR","Zajac"
"3665","Zajac et al. 2022","Shannon","APOE3/E3_fecal","female",NA,15,NA,NA,"lnRR","Zajac"
"3666","Zajac et al. 2022","Shannon","APOE3/E3_fecal","male",NA,41,NA,NA,"lnRR","Zajac"
"3667","Zajac et al. 2022","Shannon","APOE3/E3_small bowel","female",NA,2,NA,NA,"lnRR","Zajac"
"3668","Zajac et al. 2022","Shannon","APOE3/E3_small bowel","male",NA,4,NA,NA,"lnRR","Zajac"
"3669","Zajac et al. 2022","Shannon","APOE3/E4_cecal","female",NA,8,NA,NA,"lnRR","Zajac"
"3670","Zajac et al. 2022","Shannon","APOE3/E4_cecal","male",NA,10,NA,NA,"lnRR","Zajac"
"3671","Zajac et al. 2022","Shannon","APOE3/E4_fecal","female",NA,23,NA,NA,"lnRR","Zajac"
"3672","Zajac et al. 2022","Shannon","APOE3/E4_fecal","male",NA,32,NA,NA,"lnRR","Zajac"
"3673","Zajac et al. 2022","Shannon","APOE3/E4_small bowel","female",NA,1,NA,NA,"lnRR","Zajac"
"3674","Zajac et al. 2022","Shannon","APOE3_fecal","female",NA,7,NA,NA,"lnRR","Zajac"
"3675","Zajac et al. 2022","Shannon","APOE3_fecal","male",NA,6,NA,NA,"lnRR","Zajac"
"3676","Zajac et al. 2022","Shannon","APOE4/E4_cecal","female",NA,4,NA,NA,"lnRR","Zajac"
"3677","Zajac et al. 2022","Shannon","APOE4/E4_cecal","male",NA,5,NA,NA,"lnRR","Zajac"
"3678","Zajac et al. 2022","Shannon","APOE4/E4_fecal","female",NA,19,NA,NA,"lnRR","Zajac"
"3679","Zajac et al. 2022","Shannon","APOE4/E4_fecal","male",NA,15,NA,NA,"lnRR","Zajac"
"3680","Zajac et al. 2022","Shannon","APOE4/E4_small bowel","female",NA,3,NA,NA,"lnRR","Zajac"
"3681","Zajac et al. 2022","Shannon","APOE4/E4_small bowel","male",NA,3,NA,NA,"lnRR","Zajac"
"3682","Zajac et al. 2022","Shannon","APOE4_fecal","female",NA,7,NA,NA,"lnRR","Zajac"
"3683","Zajac et al. 2022","Shannon","APOE4_fecal","male",NA,7,NA,NA,"lnRR","Zajac"
"3684","Zou et al. 2021","Shannon","Glrx1 KO + High fat chow","female",4,4,0.0232492168700152,0.00410965555237211,"lnRR","Zou"
"3685","Zou et al. 2021","Shannon","Glrx1 KO + High fat chow","male",4,4,-0.038989284319144,0.00217177474812602,"lnRR","Zou"
"3686","Zou et al. 2021","Shannon","Glrx1 KO + Standard chow","female",4,3,0.0039853411494438,0.00536893166276594,"lnRR","Zou"
"3687","Zou et al. 2021","Shannon","Glrx1 KO + Standard chow","male",4,2,-0.0162223074429717,0.000514980044016626,"lnRR","Zou"
"3688","Zou et al. 2021","Shannon","High fat chow","female",4,5,0.0419236931789787,0.00402745942434445,"lnRR","Zou"
"3689","Zou et al. 2021","Shannon","High fat chow","male",4,5,0.0491903820009107,0.00101980165115277,"lnRR","Zou"
"3690","Cheema & Pluznick 2019","Simpson","Ang II infusion","female",3,3,0.0114789475890211,0.00120195660134795,"lnRR","Cheema"
"3691","Cheema & Pluznick 2019","Simpson","Ang II infusion","male",3,3,0.0118538395453086,0.00124043087070575,"lnRR","Cheema"
"3692","Ellis et al. 2021","Simpson","13C11MK4_cecal","female",7,7,-0.000546855649949672,1.25215004829596e-05,"lnRR","Ellis"
"3693","Ellis et al. 2021","Simpson","13C11MK4_cecal","male",7,7,-0.00657354145653878,0.00011736443147873,"lnRR","Ellis"
"3694","Ellis et al. 2021","Simpson","2H7MK7_cecal","female",7,7,-0.00535838003143949,1.61475357767613e-05,"lnRR","Ellis"
"3695","Ellis et al. 2021","Simpson","2H7MK7_cecal","male",7,7,-0.00174094924906748,6.89374365158289e-05,"lnRR","Ellis"
"3696","Ellis et al. 2021","Simpson","2H7MK9_cecal","female",7,7,-0.00854121386926358,2.13289030874436e-05,"lnRR","Ellis"
"3697","Ellis et al. 2021","Simpson","2H7MK9_cecal","male",7,7,0.00233107246747404,5.33442240121089e-05,"lnRR","Ellis"
"3698","Ellis et al. 2021","Simpson","2H7PK_cecal","female",7,7,-0.0047591207361986,1.55983644466735e-05,"lnRR","Ellis"
"3699","Ellis et al. 2021","Simpson","2H7PK_cecal","male",7,7,-0.00828255398248516,0.000168292625398383,"lnRR","Ellis"
"3700","Ellis et al. 2021","Simpson","Combo_cecal","female",7,9,0.00544102922226543,4.96473870672436e-06,"lnRR","Ellis"
"3701","Ellis et al. 2021","Simpson","Combo_cecal","male",7,10,0.0213624569063528,5.63155173994505e-05,"lnRR","Ellis"
"3702","Ellis et al. 2021","Simpson","MK4_cecal","female",7,10,0.00687423431000768,4.83541694574273e-06,"lnRR","Ellis"
"3703","Ellis et al. 2021","Simpson","MK4_cecal","male",7,10,0.0206696007203554,5.27507094503335e-05,"lnRR","Ellis"
"3704","Ellis et al. 2021","Simpson","MK9_cecal","female",7,9,0.00595201050910798,4.46365239878863e-06,"lnRR","Ellis"
"3705","Ellis et al. 2021","Simpson","MK9_cecal","male",7,9,0.0245815330636926,5.19570105173707e-05,"lnRR","Ellis"
"3706","Ellis et al. 2021","Simpson","PK_cecal","female",7,9,0.00426866873716199,6.14445156909144e-06,"lnRR","Ellis"
"3707","Ellis et al. 2021","Simpson","PK_cecal","male",7,10,0.0161738683397487,5.53319059958897e-05,"lnRR","Ellis"
"3708","Ellis et al. 2021","Simpson","VKdef_cecal","female",7,9,0.00468208811091089,4.23378277140613e-06,"lnRR","Ellis"
"3709","Ellis et al. 2021","Simpson","VKdef_cecal","male",7,8,0.023517115400485,5.16835622183991e-05,"lnRR","Ellis"
"3710","Gubert et al. 2022","Simpson","R6/1_Enviromental enrichment ","female",8,7,0.0325990739463279,0.00136040947805995,"lnRR","Gubert"
"3711","Gubert et al. 2022","Simpson","R6/1_Enviromental enrichment ","female",8,7,0.051892833794627,0.00146089335832661,"lnRR","Gubert"
"3712","Gubert et al. 2022","Simpson","R6/1_Enviromental enrichment ","male",8,8,-0.0412003203556751,0.00102252546453768,"lnRR","Gubert"
"3713","Gubert et al. 2022","Simpson","R6/1_Enviromental enrichment ","male",8,8,0.0775725140344023,0.00345585427094376,"lnRR","Gubert"
"3714","Gubert et al. 2022","Simpson","R6/1_Exercise","female",8,8,-0.024270188428154,0.00182277135251452,"lnRR","Gubert"
"3715","Gubert et al. 2022","Simpson","R6/1_Exercise","female",8,8,-0.00497642857985508,0.00192325523278119,"lnRR","Gubert"
"3716","Gubert et al. 2022","Simpson","R6/1_Exercise","male",8,8,-0.00273748044932287,0.000467217913756215,"lnRR","Gubert"
"3717","Gubert et al. 2022","Simpson","R6/1_Exercise","male",8,8,0.116035353940755,0.0029005467201623,"lnRR","Gubert"
"3718","Gubert et al. 2022","Simpson","WT_Enviromental enrichment ","female",8,8,-0.0131540967042782,0.00198226021380403,"lnRR","Gubert"
"3719","Gubert et al. 2022","Simpson","WT_Enviromental enrichment ","female",8,8,0.00613966314402061,0.00208274409407069,"lnRR","Gubert"
"3720","Gubert et al. 2022","Simpson","WT_Enviromental enrichment ","male",8,8,-0.0588713108806213,0.00157151464711768,"lnRR","Gubert"
"3721","Gubert et al. 2022","Simpson","WT_Enviromental enrichment ","male",8,8,0.0599015235094562,0.00400484345352376,"lnRR","Gubert"
"3722","Gubert et al. 2022","Simpson","WT_Exercise","female",8,8,-0.00510116959108521,0.00114524868797799,"lnRR","Gubert"
"3723","Gubert et al. 2022","Simpson","WT_Exercise","female",8,8,0.0141925902572137,0.00124573256824465,"lnRR","Gubert"
"3724","Gubert et al. 2022","Simpson","WT_Exercise","male",8,8,-0.0818791242800599,0.000720438183767312,"lnRR","Gubert"
"3725","Gubert et al. 2022","Simpson","WT_Exercise","male",8,8,0.0368937101100174,0.0031537669901734,"lnRR","Gubert"
"3726","Ibrahim et al. 2019","Simpson","AOM/DSS","female",4,3,-0.0209568762308244,0.000333880999806102,"lnRR","Ibrahim"
"3727","Ibrahim et al. 2019","Simpson","AOM/DSS","female",4,3,-0.0102993754002933,0.000371936262631345,"lnRR","Ibrahim"
"3728","Ibrahim et al. 2019","Simpson","AOM/DSS","male",4,7,-0.00973183556838505,0.000291924716677968,"lnRR","Ibrahim"
"3729","Ibrahim et al. 2019","Simpson","AOM/DSS","male",4,7,-0.0247068054726347,7.55310116213038e-05,"lnRR","Ibrahim"
"3730","Ibrahim et al. 2019","Simpson","AOM/DSS-ERbKOVil","female",4,6,-0.0151499322916814,9.33453881996914e-05,"lnRR","Ibrahim"
"3731","Ibrahim et al. 2019","Simpson","AOM/DSS-ERbKOVil","female",4,6,-0.00449243146115038,0.000131400651024934,"lnRR","Ibrahim"
"3732","Ibrahim et al. 2019","Simpson","AOM/DSS-ERbKOVil","male",4,7,0.0201549804334116,0.000255963017866785,"lnRR","Ibrahim"
"3733","Ibrahim et al. 2019","Simpson","AOM/DSS-ERbKOVil","male",4,7,0.00518001052916192,3.95693128101202e-05,"lnRR","Ibrahim"
"3734","Kozik et al. 2019","Simpson","Colitis-cecal","female",3,7,-0.0423842470504767,0.000744965450620482,"lnRR","Kozik"
"3735","Kozik et al. 2019","Simpson","Colitis-cecal","female",3,7,0.0720135733074181,0.0252883885362099,"lnRR","Kozik"
"3736","Kozik et al. 2019","Simpson","Colitis-cecal","female",3,7,0.0441551963443425,0.0135589561070306,"lnRR","Kozik"
"3737","Kozik et al. 2019","Simpson","Colitis-cecal","female",3,7,0.134755672210914,0.00253688764842696,"lnRR","Kozik"
"3738","Kozik et al. 2019","Simpson","Colitis-cecal","male",2,7,-0.0166404791775568,0.000144715781986797,"lnRR","Kozik"
"3739","Kozik et al. 2019","Simpson","Colitis-cecal","male",2,7,-0.0105096071063793,0.000196829182871623,"lnRR","Kozik"
"3740","Kozik et al. 2019","Simpson","Colitis-cecal","male",2,7,0.078328552502366,0.000676824815437478,"lnRR","Kozik"
"3741","Kozik et al. 2019","Simpson","Colitis-colonMucus","female",3,4,-0.0098479462782113,0.00118167656610979,"lnRR","Kozik"
"3742","Kozik et al. 2019","Simpson","Colitis-colonMucus","female",3,4,0.104549874079683,0.0257250996516992,"lnRR","Kozik"
"3743","Kozik et al. 2019","Simpson","Colitis-colonMucus","female",3,4,0.076691497116608,0.0139956672225199,"lnRR","Kozik"
"3744","Kozik et al. 2019","Simpson","Colitis-colonMucus","female",3,4,0.167291972983179,0.00297359876391627,"lnRR","Kozik"
"3745","Kozik et al. 2019","Simpson","Colitis-colonMucus","male",2,5,0.0102802643869663,0.000167736503188742,"lnRR","Kozik"
"3746","Kozik et al. 2019","Simpson","Colitis-colonMucus","male",2,5,0.0164111364581439,0.000219849904073568,"lnRR","Kozik"
"3747","Kozik et al. 2019","Simpson","Colitis-colonMucus","male",2,5,0.105249296066889,0.000699845536639423,"lnRR","Kozik"
"3748","Kozik et al. 2019","Simpson","Colitis-colonMucus_T0","male",2,1,NA,NA,"lnRR","Kozik"
"3749","Kozik et al. 2019","Simpson","Colitis-colonMucus_T0","male",2,1,NA,NA,"lnRR","Kozik"
"3750","Kozik et al. 2019","Simpson","Colitis-colonMucus_T0","male",2,1,NA,NA,"lnRR","Kozik"
"3751","Kozik et al. 2019","Simpson","Colitis-fecal","female",3,7,-0.0976616327822295,0.000874467459020905,"lnRR","Kozik"
"3752","Kozik et al. 2019","Simpson","Colitis-fecal","female",3,7,0.0167361875756653,0.0254178905446104,"lnRR","Kozik"
"3753","Kozik et al. 2019","Simpson","Colitis-fecal","female",3,7,-0.0111221893874103,0.013688458115431,"lnRR","Kozik"
"3754","Kozik et al. 2019","Simpson","Colitis-fecal","female",3,7,0.079478286479161,0.00266638965682738,"lnRR","Kozik"
"3755","Kozik et al. 2019","Simpson","Colitis-fecal","male",2,5,-0.0948480819928111,0.000760745150968777,"lnRR","Kozik"
"3756","Kozik et al. 2019","Simpson","Colitis-fecal","male",2,5,-0.0887172099216336,0.000812858551853603,"lnRR","Kozik"
"3757","Kozik et al. 2019","Simpson","Colitis-fecal","male",2,5,0.000120949687111746,0.00129285418441946,"lnRR","Kozik"
"3758","Kozik et al. 2019","Simpson","Colitis-fecal_T0","female",3,7,-0.183606131855367,0.000999206785399896,"lnRR","Kozik"
"3759","Kozik et al. 2019","Simpson","Colitis-fecal_T0","female",3,7,-0.0692083114974725,0.0255426298709893,"lnRR","Kozik"
"3760","Kozik et al. 2019","Simpson","Colitis-fecal_T0","female",3,7,-0.0970666884605481,0.01381319744181,"lnRR","Kozik"
"3761","Kozik et al. 2019","Simpson","Colitis-fecal_T0","female",3,7,-0.00646621259397668,0.00279112898320638,"lnRR","Kozik"
"3762","Kozik et al. 2019","Simpson","Colitis-fecal_T0","male",2,7,-0.165516636935251,0.00213777664433434,"lnRR","Kozik"
"3763","Kozik et al. 2019","Simpson","Colitis-fecal_T0","male",2,7,-0.159385764864073,0.00218989004521917,"lnRR","Kozik"
"3764","Kozik et al. 2019","Simpson","Colitis-fecal_T0","male",2,7,-0.0705476052553277,0.00266988567778503,"lnRR","Kozik"
"3765","Li et al. 2020","Simpson","Chow diet + STZ injection+ Distilled water ","female",NA,1,NA,NA,"lnRR","Li"
"3766","Li et al. 2020","Simpson","Chow diet + STZ injection+ Distilled water ","male",NA,5,NA,NA,"lnRR","Li"
"3767","Li et al. 2020","Simpson","HFD+ STZ injection + DNJ","female",NA,9,NA,NA,"lnRR","Li"
"3768","Li et al. 2020","Simpson","HFD+ STZ injection + DNJ","male",NA,1,NA,NA,"lnRR","Li"
"3769","Li et al. 2020","Simpson","HFD+ STZ injection+ Distilled water","female",NA,3,NA,NA,"lnRR","Li"
"3770","Lindheim et al. 2018","Simpson","PRJNA445979","female",NA,93,NA,NA,"lnRR","Lindheim"
"3771","Lindheim et al. 2018","Simpson","PRJNA445979","male",NA,76,NA,NA,"lnRR","Lindheim"
"3772","Lyte et al. 2022","Simpson","beef-chow","female",19,19,-0.0139462325847484,3.81334340236896e-05,"lnRR","Lyte"
"3773","Lyte et al. 2022","Simpson","beef-chow","male",20,18,0.0335570038658146,0.00022639057731921,"lnRR","Lyte"
"3774","Lyte et al. 2022","Simpson","beef-chow-stress","female",19,20,-0.010568738116861,2.86163107894758e-05,"lnRR","Lyte"
"3775","Lyte et al. 2022","Simpson","beef-chow-stress","male",20,18,0.037304899749668,0.000222280163820946,"lnRR","Lyte"
"3776","Lyte et al. 2022","Simpson","chow-stress","female",19,20,-0.00562367539958438,2.76365479867043e-05,"lnRR","Lyte"
"3777","Lyte et al. 2022","Simpson","chow-stress","male",20,20,0.0237641885965063,0.000282754499761905,"lnRR","Lyte"
"3778","Pizarro et al. 2021","Simpson","Water-T0","female",8,NA,NA,NA,"lnRR","Pizarro"
"3779","Pizarro et al. 2021","Simpson","Water-T0","male",10,NA,NA,NA,"lnRR","Pizarro"
"3780","Pizarro et al. 2021","Simpson","EtOH-Syn-T1","female",NA,8,NA,NA,"lnRR","Pizarro"
"3781","Pizarro et al. 2021","Simpson","EtOH-Syn-T1","male",NA,10,NA,NA,"lnRR","Pizarro"
"3782","Pizarro et al. 2021","Simpson","EtOH-T1","female",NA,8,NA,NA,"lnRR","Pizarro"
"3783","Pizarro et al. 2021","Simpson","EtOH-T1","male",NA,10,NA,NA,"lnRR","Pizarro"
"3784","Pizarro et al. 2021","Simpson","Symbiotic-T0","female",NA,8,NA,NA,"lnRR","Pizarro"
"3785","Pizarro et al. 2021","Simpson","Symbiotic-T0","male",NA,10,NA,NA,"lnRR","Pizarro"
"3786","Ramakrishna et al. 2020","Simpson","ACV+IVIG-injected","female",3,4,-0.101828469721979,0.013350501352545,"lnRR","Ramakrishna"
"3787","Ramakrishna et al. 2020","Simpson","ACV+IVIG-injected","male",2,1,NA,NA,"lnRR","Ramakrishna"
"3788","Ramakrishna et al. 2020","Simpson","ACV-injected","female",3,2,-0.0958797057151664,0.0459150562265723,"lnRR","Ramakrishna"
"3789","Ramakrishna et al. 2020","Simpson","ACV-injected","male",2,3,-0.265743008430575,0.0472266839548637,"lnRR","Ramakrishna"
"3790","Ramakrishna et al. 2020","Simpson","HSV1-infected","female",3,5,-0.0500566501453661,0.0127190783342746,"lnRR","Ramakrishna"
"3791","Ramakrishna et al. 2020","Simpson","HSV1-infected","male",2,4,-0.170844726357348,0.0103610062103282,"lnRR","Ramakrishna"
"3792","Ramakrishna et al. 2020","Simpson","HSV1-infected; ACV+IVIG-injected","female",3,3,-0.0894780661446305,0.00528373295641763,"lnRR","Ramakrishna"
"3793","Ramakrishna et al. 2020","Simpson","HSV1-infected; ACV+IVIG-injected","male",2,2,-0.0365520953945393,0.00702850901521419,"lnRR","Ramakrishna"
"3794","Ramakrishna et al. 2020","Simpson","HSV1-infected; ACV-injected","female",3,1,NA,NA,"lnRR","Ramakrishna"
"3795","Ramakrishna et al. 2020","Simpson","HSV1-infected; ACV-injected","male",2,1,NA,NA,"lnRR","Ramakrishna"
"3796","Ramakrishna et al. 2020","Simpson","HSV1-infected; IVIG-injected","female",3,1,NA,NA,"lnRR","Ramakrishna"
"3797","Ramakrishna et al. 2020","Simpson","HSV1-infected; IVIG-injected","male",2,3,-0.22520431509194,0.0148428049215251,"lnRR","Ramakrishna"
"3798","Ramakrishna et al. 2020","Simpson","IVIG-injected","female",3,5,-0.218103973380914,0.0244113532728535,"lnRR","Ramakrishna"
"3799","Ramakrishna et al. 2020","Simpson","IVIG-injected","male",2,5,-0.116944367002238,0.00741460651089825,"lnRR","Ramakrishna"
"3800","Son et al. 2019","Simpson","IL-10 Knockout ","female",8,8,0.645563471800951,0.0119233760342407,"lnRR","Son"
"3801","Son et al. 2019","Simpson","IL-10 Knockout ","male",8,8,-0.222704006899332,0.00697322697203693,"lnRR","Son"
"3802","Song et al. 2020","Simpson","AOM/DSS","male",5,12,0.028046769955414,0.00134825342589621,"lnRR","Song"
"3803","Song et al. 2020","Simpson","AOM/DSS E2-supplemented","male",5,12,-0.0151323362631058,0.00192602335920073,"lnRR","Song"
"3804","Song et al. 2020","Simpson","E2-supplemented","male",5,12,-0.0833382326079655,0.00154500090040935,"lnRR","Song"
"3805","Song et al. 2020","Simpson","ovariectomized ","female",11,7,0.0487738262073801,0.000279000142897508,"lnRR","Song"
"3806","Song et al. 2021","Simpson","AOM/DSS","female",8,8,0.0948668139484979,0.022978647485055,"lnRR","Song"
"3807","Song et al. 2021","Simpson","AOM/DSS","male",8,8,-0.16915199711796,0.00454993588211273,"lnRR","Song"
"3808","Song et al. 2021","Simpson","AOM/DSS-Nrf2KO","female",8,8,0.126991278522861,0.0220715893562027,"lnRR","Song"
"3809","Song et al. 2021","Simpson","AOM/DSS-Nrf2KO","male",8,8,-0.278703629684813,0.00452548934398041,"lnRR","Song"
"3810","Song et al. 2021","Simpson","Nrf2KO","female",8,8,0.15288132673217,0.0183389842793567,"lnRR","Song"
"3811","Song et al. 2021","Simpson","Nrf2KO","male",8,8,-0.0220705706895855,0.0024767664550334,"lnRR","Song"
"3812","Song et al. 2022","Simpson","AOM/DSS","female",4,7,-0.0367905895170865,0.00720015638223207,"lnRR","Song"
"3813","Song et al. 2022","Simpson","AOM/DSS","male",4,10,-0.0490137569267399,0.00654547136632839,"lnRR","Song"
"3814","Song et al. 2022","Simpson","AOM/DSS_ steroid-injected","female",4,4,-0.0840070092247919,0.0170603191852263,"lnRR","Song"
"3815","Song et al. 2022","Simpson","AOM/DSS_ steroid-injected","male",4,8,-0.103971630268034,0.0070672403297101,"lnRR","Song"
"3816","Song et al. 2022","Simpson","orchiectomized","male",4,4,-0.160010907888516,0.0082558632461305,"lnRR","Song"
"3817","Song et al. 2022","Simpson","orchiectomized_ AOM/DSS","male",4,10,-0.0421921390742644,0.00677408899834618,"lnRR","Song"
"3818","Song et al. 2022","Simpson","orchiectomized_ AOM/DSS_ steroid-injected","male",4,6,-0.116880482232842,0.00671266277467871,"lnRR","Song"
"3819","Sun et al. 2020","Simpson","High fat","female",8,7,0.00698343568765621,6.26250156722259e-05,"lnRR","Sun"
"3820","Sun et al. 2020","Simpson","High fat","male",8,8,-0.0164175218642188,7.15588533957255e-05,"lnRR","Sun"
"3821","Sun et al. 2020","Simpson","Pomctm1/tm1","female",8,8,0.00971921247057948,7.03844226018088e-05,"lnRR","Sun"
"3822","Sun et al. 2020","Simpson","Pomctm1/tm1","male",8,8,-0.0449113345059765,0.000435954076361577,"lnRR","Sun"
"3823","Sun et al. 2020","Simpson","Pomctm1/tm1, High fat","female",8,7,-0.0118159102341446,7.66406216619816e-05,"lnRR","Sun"
"3824","Sun et al. 2020","Simpson","Pomctm1/tm1, High fat","male",8,8,-0.0397591394588217,0.000329353843498029,"lnRR","Sun"
"3825","Tam et al. 2020","Simpson","""Smoke exposed, ovariectomy""_cecal","female",10,8,-0.0332064762131274,0.000277220639015074,"lnRR","Tam"
"3826","Tam et al. 2020","Simpson","Smoke exposed_cecal","female",10,10,0.00832059180893597,0.00016658264088456,"lnRR","Tam"
"3827","Tam et al. 2020","Simpson","Smoke exposed_cecal","male",10,10,-0.00759141272336879,0.000384830429485945,"lnRR","Tam"
"3828","Tam et al. 2020","Simpson","ovariectomy_cecal","female",10,10,-0.0314910228647023,0.000368039968179876,"lnRR","Tam"
"3829","Tashiro et al. 2020","Simpson","Cellulose","female",8,8,0.206285255954642,0.0107536352135756,"lnRR","Tashiro"
"3830","Tashiro et al. 2020","Simpson","Cellulose","male",8,8,0.100675544638128,0.00665564862782147,"lnRR","Tashiro"
"3831","Tashiro et al. 2020","Simpson","Fiberfree","female",8,8,0.159380511202308,0.0111634578330949,"lnRR","Tashiro"
"3832","Tashiro et al. 2020","Simpson","Fiberfree","male",8,8,0.114015101779852,0.00470593062582204,"lnRR","Tashiro"
"3833","Tashiro et al. 2020","Simpson","Pectin","female",8,8,0.0347381847315085,0.0127796247846077,"lnRR","Tashiro"
"3834","Tashiro et al. 2020","Simpson","Pectin","male",8,8,-0.226141494335634,0.0151072379618358,"lnRR","Tashiro"
"3835","Velasco et al. 2021","Simpson","C57BL/6J","female",4,NA,NA,NA,"lnRR","Velasco"
"3836","Velasco et al. 2021","Simpson","C57BL/6J","male",4,NA,NA,NA,"lnRR","Velasco"
"3837","Velasco et al. 2021","Simpson","MRL/MpJ","female",NA,4,NA,NA,"lnRR","Velasco"
"3838","Velasco et al. 2021","Simpson","MRL/MpJ","male",NA,4,NA,NA,"lnRR","Velasco"
"3839","Weng et al. 2019","Simpson","APOE2_APP transgene +","female",NA,11,NA,NA,"lnRR","Weng"
"3840","Weng et al. 2019","Simpson","APOE2_APP transgene +","male",NA,6,NA,NA,"lnRR","Weng"
"3841","Weng et al. 2019","Simpson","APOE2_APP transgene -","female",NA,18,NA,NA,"lnRR","Weng"
"3842","Weng et al. 2019","Simpson","APOE2_APP transgene -","male",NA,16,NA,NA,"lnRR","Weng"
"3843","Weng et al. 2019","Simpson","APOE3_APP transgene +","female",NA,21,NA,NA,"lnRR","Weng"
"3844","Weng et al. 2019","Simpson","APOE3_APP transgene +","male",NA,13,NA,NA,"lnRR","Weng"
"3845","Weng et al. 2019","Simpson","APOE3_APP transgene -","female",NA,15,NA,NA,"lnRR","Weng"
"3846","Weng et al. 2019","Simpson","APOE3_APP transgene -","male",NA,20,NA,NA,"lnRR","Weng"
"3847","Weng et al. 2019","Simpson","APOE4_APP transgene +","female",NA,24,NA,NA,"lnRR","Weng"
"3848","Weng et al. 2019","Simpson","APOE4_APP transgene +","male",NA,19,NA,NA,"lnRR","Weng"
"3849","Weng et al. 2019","Simpson","APOE4_APP transgene -","female",NA,24,NA,NA,"lnRR","Weng"
"3850","Weng et al. 2019","Simpson","APOE4_APP transgene -","male",NA,32,NA,NA,"lnRR","Weng"
"3851","Wolfe et al. 2020","Simpson","Smad3-/-_CRC_SFB+_cecal","female",NA,7,NA,NA,"lnRR","Wolfe"
"3852","Wolfe et al. 2020","Simpson","Smad3-/-_CRC_SFB+_cecal","male",NA,1,NA,NA,"lnRR","Wolfe"
"3853","Wolfe et al. 2020","Simpson","Smad3-/-_CRC_SFB+_fecal","female",NA,68,NA,NA,"lnRR","Wolfe"
"3854","Wolfe et al. 2020","Simpson","Smad3-/-_CRC_SFB+_fecal","male",NA,10,NA,NA,"lnRR","Wolfe"
"3855","Wolfe et al. 2020","Simpson","Smad3-/-_CRC_SFB-_cecal","female",NA,7,NA,NA,"lnRR","Wolfe"
"3856","Wolfe et al. 2020","Simpson","Smad3-/-_CRC_SFB-_cecal","male",NA,2,NA,NA,"lnRR","Wolfe"
"3857","Wolfe et al. 2020","Simpson","Smad3-/-_CRC_SFB-_fecal","female",NA,83,NA,NA,"lnRR","Wolfe"
"3858","Wolfe et al. 2020","Simpson","Smad3-/-_CRC_SFB-_fecal","male",NA,34,NA,NA,"lnRR","Wolfe"
"3859","Wolfe et al. 2020","Simpson","Smad3-/-_healthy_SFB+_cecal","female",NA,5,NA,NA,"lnRR","Wolfe"
"3860","Wolfe et al. 2020","Simpson","Smad3-/-_healthy_SFB+_cecal","male",NA,15,NA,NA,"lnRR","Wolfe"
"3861","Wolfe et al. 2020","Simpson","Smad3-/-_healthy_SFB+_fecal","female",NA,49,NA,NA,"lnRR","Wolfe"
"3862","Wolfe et al. 2020","Simpson","Smad3-/-_healthy_SFB+_fecal","male",NA,156,NA,NA,"lnRR","Wolfe"
"3863","Wolfe et al. 2020","Simpson","Smad3-/-_healthy_SFB-_cecal","female",NA,10,NA,NA,"lnRR","Wolfe"
"3864","Wolfe et al. 2020","Simpson","Smad3-/-_healthy_SFB-_cecal","male",NA,15,NA,NA,"lnRR","Wolfe"
"3865","Wolfe et al. 2020","Simpson","Smad3-/-_healthy_SFB-_fecal","female",NA,135,NA,NA,"lnRR","Wolfe"
"3866","Wolfe et al. 2020","Simpson","Smad3-/-_healthy_SFB-_fecal","male",NA,158,NA,NA,"lnRR","Wolfe"
"3867","Zajac et al. 2022","Simpson","APOE2/E2_cecal","female",NA,6,NA,NA,"lnRR","Zajac"
"3868","Zajac et al. 2022","Simpson","APOE2/E2_cecal","male",NA,5,NA,NA,"lnRR","Zajac"
"3869","Zajac et al. 2022","Simpson","APOE2/E2_fecal","female",NA,21,NA,NA,"lnRR","Zajac"
"3870","Zajac et al. 2022","Simpson","APOE2/E2_fecal","male",NA,15,NA,NA,"lnRR","Zajac"
"3871","Zajac et al. 2022","Simpson","APOE2/E2_small bowel","female",NA,3,NA,NA,"lnRR","Zajac"
"3872","Zajac et al. 2022","Simpson","APOE2/E2_small bowel","male",NA,2,NA,NA,"lnRR","Zajac"
"3873","Zajac et al. 2022","Simpson","APOE2/E3_cecal","female",NA,10,NA,NA,"lnRR","Zajac"
"3874","Zajac et al. 2022","Simpson","APOE2/E3_cecal","male",NA,7,NA,NA,"lnRR","Zajac"
"3875","Zajac et al. 2022","Simpson","APOE2/E3_fecal","female",NA,36,NA,NA,"lnRR","Zajac"
"3876","Zajac et al. 2022","Simpson","APOE2/E3_fecal","male",NA,21,NA,NA,"lnRR","Zajac"
"3877","Zajac et al. 2022","Simpson","APOE2/E3_small bowel","male",NA,1,NA,NA,"lnRR","Zajac"
"3878","Zajac et al. 2022","Simpson","APOE2_fecal","female",NA,7,NA,NA,"lnRR","Zajac"
"3879","Zajac et al. 2022","Simpson","APOE2_fecal","male",NA,8,NA,NA,"lnRR","Zajac"
"3880","Zajac et al. 2022","Simpson","APOE3/E3_cecal","female",NA,5,NA,NA,"lnRR","Zajac"
"3881","Zajac et al. 2022","Simpson","APOE3/E3_cecal","male",NA,13,NA,NA,"lnRR","Zajac"
"3882","Zajac et al. 2022","Simpson","APOE3/E3_fecal","female",NA,15,NA,NA,"lnRR","Zajac"
"3883","Zajac et al. 2022","Simpson","APOE3/E3_fecal","male",NA,41,NA,NA,"lnRR","Zajac"
"3884","Zajac et al. 2022","Simpson","APOE3/E3_small bowel","female",NA,2,NA,NA,"lnRR","Zajac"
"3885","Zajac et al. 2022","Simpson","APOE3/E3_small bowel","male",NA,4,NA,NA,"lnRR","Zajac"
"3886","Zajac et al. 2022","Simpson","APOE3/E4_cecal","female",NA,8,NA,NA,"lnRR","Zajac"
"3887","Zajac et al. 2022","Simpson","APOE3/E4_cecal","male",NA,10,NA,NA,"lnRR","Zajac"
"3888","Zajac et al. 2022","Simpson","APOE3/E4_fecal","female",NA,23,NA,NA,"lnRR","Zajac"
"3889","Zajac et al. 2022","Simpson","APOE3/E4_fecal","male",NA,32,NA,NA,"lnRR","Zajac"
"3890","Zajac et al. 2022","Simpson","APOE3/E4_small bowel","female",NA,1,NA,NA,"lnRR","Zajac"
"3891","Zajac et al. 2022","Simpson","APOE3_fecal","female",NA,7,NA,NA,"lnRR","Zajac"
"3892","Zajac et al. 2022","Simpson","APOE3_fecal","male",NA,6,NA,NA,"lnRR","Zajac"
"3893","Zajac et al. 2022","Simpson","APOE4/E4_cecal","female",NA,4,NA,NA,"lnRR","Zajac"
"3894","Zajac et al. 2022","Simpson","APOE4/E4_cecal","male",NA,5,NA,NA,"lnRR","Zajac"
"3895","Zajac et al. 2022","Simpson","APOE4/E4_fecal","female",NA,19,NA,NA,"lnRR","Zajac"
"3896","Zajac et al. 2022","Simpson","APOE4/E4_fecal","male",NA,15,NA,NA,"lnRR","Zajac"
"3897","Zajac et al. 2022","Simpson","APOE4/E4_small bowel","female",NA,3,NA,NA,"lnRR","Zajac"
"3898","Zajac et al. 2022","Simpson","APOE4/E4_small bowel","male",NA,3,NA,NA,"lnRR","Zajac"
"3899","Zajac et al. 2022","Simpson","APOE4_fecal","female",NA,7,NA,NA,"lnRR","Zajac"
"3900","Zajac et al. 2022","Simpson","APOE4_fecal","male",NA,7,NA,NA,"lnRR","Zajac"
"3901","Zou et al. 2021","Simpson","Glrx1 KO + High fat chow","female",4,4,0.0174121425818705,0.000546005005581773,"lnRR","Zou"
"3902","Zou et al. 2021","Simpson","Glrx1 KO + High fat chow","male",4,4,-0.0154195658423897,0.000240783075364772,"lnRR","Zou"
"3903","Zou et al. 2021","Simpson","Glrx1 KO + Standard chow","female",4,3,0.00786277166295561,0.00050201534793218,"lnRR","Zou"
"3904","Zou et al. 2021","Simpson","Glrx1 KO + Standard chow","male",4,2,-0.00193134942580923,5.44028930845291e-05,"lnRR","Zou"
"3905","Zou et al. 2021","Simpson","High fat chow","female",4,5,0.0256631097830376,0.000389817733200756,"lnRR","Zou"
"3906","Zou et al. 2021","Simpson","High fat chow","male",4,5,0.0146235939191674,4.00750683157075e-05,"lnRR","Zou"
